2 0.00390625 0.55078125 0.0078125 0.0921875
3 0.1828125 0.36640625 0.03125 0.0640625
13 0.1734375 0.65234375 0.0390625 0.078125
5 0.40546875 0.86875 0.04375 0.0984375
4 0.55078125 0.61171875 0.0390625 0.0765625
8 0.67109375 0.65546875 0.034375 0.0703125
10 0.27578125 0.5453125 0.03125 0.0671875
21 0.36171875 0.553125 0.03125 0.06875
19 0.37265625 0.33828125 0.0234375 0.053125
11 0.14453125 0.50390625 0.028125 0.0546875
22 0.52421875 0.5453125 0.03125 0.0671875
1 0.7078125 0.35234375 0.021875 0.05
24 0.6625 0.56171875 0.03125 0.0671875
16 0.871875 0.6515625 0.040625 0.0734375
7 0.87578125 0.48359375 0.0265625 0.0609375
27 0.4515625 0.84140625 0.046875 0.084375
23 0.446875 0.4078125 0.025 0.0578125
6 0.43828125 0.484375 0.028125 0.065625