28 0.5296875 0.82421875 0.0140625 0.0328125
13 0.7671875 0.90703125 0.02890625 0.11640625
17 0.59765625 0.96484375 0.02890625 0.0703125
27 0.2828125 0.8109375 0.03515625 0.11328125
21 0.421875 0.58671875 0.02734375 0.090625
8 0.0203125 0.6421875 0.034375 0.10625
4 0.19296875 0.63828125 0.02265625 0.10234375
6 0.3671875 0.49140625 0.01484375 0.08984375
15 0.1859375 0.465625 0.02734375 0.0890625
11 0.81796875 0.5234375 0.01640625 0.09765625
23 0.5890625 0.3046875 0.01953125 0.0609375
19 0.65859375 0.33359375 0.01640625 0.06953125
3 0.76875 0.4875 0.02109375 0.09921875
24 0.45546875 0.4984375 0.025 0.08203125
2 0.84375 0.5703125 0.03046875 0.0921875