9 0.76640625 0.84296875 0.05 0.121875
27 0.4546875 0.7265625 0.0375 0.096875
20 0.74609375 0.5609375 0.0296875 0.0859375
8 0.89921875 0.43515625 0.034375 0.075
28 0.7140625 0.33203125 0.0078125 0.0125
24 0.5921875 0.40703125 0.0296875 0.0703125
4 0.47890625 0.41484375 0.0375 0.0828125
19 0.60234375 0.28671875 0.021875 0.0625
22 0.57734375 0.36328125 0.0203125 0.04375
15 0.64140625 0.28671875 0.034375 0.0703125
13 0.10703125 0.603125 0.034375 0.1078125
10 0.315625 0.396875 0.0265625 0.0859375
21 0.3609375 0.40625 0.028125 0.0765625
23 0.39140625 0.3578125 0.0296875 0.08125
3 0.3796875 0.3359375 0.028125 0.0796875