17 0.903125 0.69140625 0.02734375 0.1328125
6 0.77578125 0.5140625 0.02734375 0.10859375
23 0.7625 0.41796875 0.0234375 0.1046875
4 0.490625 0.61875 0.0328125 0.1296875
24 0.44453125 0.53984375 0.02265625 0.10703125
8 0.3140625 0.65546875 0.0296875 0.1390625
22 0.40546875 0.4609375 0.025 0.0921875
10 0.6671875 0.41796875 0.0390625 0.109375
21 0.553125 0.38359375 0.02890625 0.09296875
28 0.58828125 0.3734375 0.01015625 0.015625
1 0.59765625 0.328125 0.02734375 0.084375
15 0.2625 0.38359375 0.0296875 0.096875