26 0.87890625 0.3640625 0.0125 0.07265625
19 0.5546875 0.32890625 0.0109375 0.05703125
27 0.72109375 0.8390625 0.021875 0.1046875
3 0.63984375 0.38125 0.01484375 0.06875
10 0.703125 0.50078125 0.015625 0.07578125
2 0.71484375 0.4515625 0.015625 0.04609375
8 0.315625 0.4953125 0.01640625 0.07265625
24 0.37890625 0.59453125 0.01484375 0.08046875
20 0.15078125 0.63046875 0.015625 0.08359375
4 0.63984375 0.66171875 0.0234375 0.08984375
6 0.52734375 0.46328125 0.01796875 0.0765625
7 0.0953125 0.721875 0.02578125 0.08984375
16 0.0953125 0.48984375 0.0203125 0.07578125
17 0.60703125 0.7484375 0.01875 0.09296875
15 0.203125 0.35703125 0.01875 0.06328125
1 0.4203125 0.39453125 0.0171875 0.07109375