9 0.621875 0.72109375 0.0484375 0.11875
27 0.7609375 0.6484375 0.046875 0.1078125
7 0.97265625 0.6296875 0.040625 0.109375
8 0.81171875 0.46328125 0.034375 0.084375
20 0.79375 0.396875 0.0375 0.0796875
4 0.6625 0.4390625 0.040625 0.0953125
24 0.55234375 0.3953125 0.0390625 0.09375
22 0.6890625 0.3390625 0.034375 0.0859375
17 0.053125 0.6453125 0.0515625 0.1265625
21 0.39453125 0.46015625 0.040625 0.0984375
10 0.32734375 0.4234375 0.04375 0.1
13 0.01796875 0.52578125 0.0359375 0.1046875
3 0.24765625 0.325 0.04375 0.1015625
6 0.48671875 0.31875 0.0390625 0.084375
1 0.628125 0.32890625 0.03125 0.078125
23 0.4703125 0.2171875 0.028125 0.071875
15 0.64765625 0.2765625 0.028125 0.071875