10 0.13125 0.7734375 0.0296875 0.096875
2 0.08515625 0.63203125 0.025 0.09375
3 0.1375 0.46953125 0.0203125 0.0703125
19 0.39140625 0.32578125 0.0140625 0.05
4 0.40078125 0.675 0.0359375 0.08125
13 0.3609375 0.82578125 0.0265625 0.0875
17 0.421875 0.80390625 0.025 0.103125
11 0.19765625 0.5984375 0.028125 0.0765625
6 0.4515625 0.44609375 0.0203125 0.0703125
23 0.4765625 0.43671875 0.0203125 0.06875
8 0.4625 0.653125 0.03125 0.0828125
22 0.64140625 0.575 0.0234375 0.075
24 0.7078125 0.58828125 0.0203125 0.0765625
24 0.67578125 0.8078125 0.025 0.1
1 0.7171875 0.26796875 0.01875 0.0625
15 0.84140625 0.38515625 0.0296875 0.0609375
7 0.85546875 0.6765625 0.034375 0.0796875
16 0.85546875 0.575 0.0328125 0.071875
20 0.8875 0.63203125 0.0265625 0.071875
9 0.70546875 0.803125 0.03125 0.09375