17 0.7453125 0.83828125 0.0234375 0.1203125
27 0.36015625 0.8234375 0.03359375 0.1171875
9 0.1953125 0.8421875 0.02734375 0.1390625
7 0.0390625 0.559375 0.0234375 0.0953125
28 0.35390625 0.47734375 0.00703125 0.0203125
4 0.425 0.4671875 0.02890625 0.07890625
1 0.3984375 0.41015625 0.01875 0.0859375
23 0.665625 0.5546875 0.02421875 0.09296875
13 0.86015625 0.7203125 0.025 0.103125
10 0.75078125 0.534375 0.03046875 0.09765625
2 0.684375 0.4546875 0.025 0.08046875
3 0.640625 0.409375 0.01640625 0.0859375
11 0.6109375 0.43828125 0.0171875 0.08515625
15 0.45703125 0.27734375 0.0171875 0.07421875
21 0.58828125 0.36328125 0.01328125 0.0828125
6 0.55703125 0.39375 0.01328125 0.07109375
8 0.23671875 0.36640625 0.02109375 0.08125