28 0.76328125 0.34453125 0.015625 0.021875
7 0.84296875 0.44140625 0.0359375 0.09375
9 0.7140625 0.81015625 0.0484375 0.121875
20 0.57265625 0.45 0.0359375 0.0890625
27 0.215625 0.7203125 0.0453125 0.0921875
8 0.4203125 0.41796875 0.0328125 0.0875
4 0.36015625 0.44453125 0.0328125 0.0828125
16 0.41796875 0.259375 0.0296875 0.0734375
1 0.38828125 0.3109375 0.028125 0.075
24 0.03125 0.49140625 0.03125 0.075
25 0.73359375 0.3109375 0.034375 0.0828125
24 0.334375 0.18515625 0.0234375 0.06875
22 0.24609375 0.2921875 0.0234375 0.0640625