2 0.0046875 0.58515625 0.009375 0.0921875
3 0.17421875 0.3890625 0.0265625 0.0625
13 0.18515625 0.675 0.0328125 0.078125
5 0.43125 0.87421875 0.0375 0.0984375
4 0.55859375 0.6078125 0.034375 0.075
8 0.68125 0.64375 0.0296875 0.06875
10 0.27890625 0.5609375 0.0265625 0.0671875
21 0.365625 0.5625 0.028125 0.06875
19 0.36171875 0.34765625 0.0203125 0.053125
11 0.14609375 0.52890625 0.025 0.0546875
22 0.52734375 0.54375 0.028125 0.065625
1 0.696875 0.33828125 0.01875 0.05
24 0.66640625 0.55 0.0265625 0.0671875
16 0.88125 0.625 0.0359375 0.0734375
7 0.8734375 0.45703125 0.0234375 0.0609375
27 0.47578125 0.84453125 0.0421875 0.084375
23 0.440625 0.41171875 0.021875 0.05625
6 0.43671875 0.48828125 0.025 0.065625