9 0.27421875 0.87734375 0.02734375 0.1125
27 0.31484375 0.85703125 0.0265625 0.12421875
24 0.18125 0.48515625 0.02421875 0.078125
8 0.10859375 0.496875 0.02421875 0.0859375
1 0.2203125 0.40546875 0.025 0.08046875
15 0.2859375 0.38515625 0.0296875 0.08984375
4 0.3703125 0.55078125 0.034375 0.096875
22 0.29375 0.55859375 0.01953125 0.0859375
28 0.5203125 0.64921875 0.00859375 0.02109375
17 0.5 0.6265625 0.0234375 0.0859375
19 0.39609375 0.4171875 0.01875 0.0703125
23 0.46328125 0.50859375 0.0203125 0.0859375
11 0.51796875 0.50234375 0.02265625 0.09140625
3 0.54453125 0.478125 0.01796875 0.059375
26 0.840625 0.48515625 0.028125 0.084375