13 0.55546875 0.94296875 0.0578125 0.1140625
17 0.3859375 0.6640625 0.0625 0.1203125
2 0.0265625 0.503125 0.053125 0.115625
10 0.55625 0.42265625 0.0328125 0.071875
28 0.578125 0.359375 0.015625 0.0171875
15 0.55546875 0.27734375 0.040625 0.0671875
9 0.79609375 0.69765625 0.0484375 0.1046875
7 0.884375 0.56171875 0.0453125 0.1078125
20 0.9453125 0.475 0.0359375 0.090625
16 0.9 0.4234375 0.034375 0.0859375
22 0.6890625 0.40546875 0.0390625 0.0828125
4 0.84140625 0.48671875 0.04375 0.1
3 0.27578125 0.3390625 0.0265625 0.0765625
21 0.5609375 0.48671875 0.0375 0.0984375
27 0.825 0.68203125 0.0453125 0.1109375
24 0.78203125 0.475 0.025 0.05625