13 0.55859375 0.6984375 0.0421875 0.090625
26 0.96640625 0.45234375 0.0359375 0.078125
2 0.621875 0.3546875 0.028125 0.0640625
3 0.61953125 0.30546875 0.025 0.0625
15 0.56796875 0.12109375 0.0359375 0.059375
11 0.496875 0.35703125 0.0328125 0.06875
27 0.35625 0.46328125 0.0328125 0.084375
28 0.4296875 0.2828125 0.0078125 0.0140625
4 0.46484375 0.30859375 0.0265625 0.065625
1 0.42890625 0.20234375 0.0296875 0.0578125
6 0.53984375 0.25859375 0.0296875 0.065625
10 0.69140625 0.3703125 0.0328125 0.0671875
19 0.6140625 0.22265625 0.021875 0.0546875