7 0.86171875 0.50859375 0.03125 0.0859375
9 0.7 0.690625 0.0359375 0.103125
20 0.67578125 0.4296875 0.0296875 0.0859375
16 0.63828125 0.32734375 0.021875 0.0625
27 0.66953125 0.61484375 0.0359375 0.0984375
4 0.540625 0.534375 0.034375 0.0859375
8 0.5125 0.60078125 0.028125 0.090625
21 0.38359375 0.5671875 0.0296875 0.08125
1 0.515625 0.31953125 0.0203125 0.0640625
15 0.4921875 0.21484375 0.0203125 0.059375
9 0.14453125 0.71640625 0.0265625 0.0984375
17 0.11953125 0.8796875 0.0328125 0.1078125
10 0.240625 0.56484375 0.025 0.090625
6 0.37890625 0.36484375 0.0265625 0.0734375
19 0.303125 0.2984375 0.0203125 0.0625
3 0.2078125 0.4 0.0234375 0.0765625
11 0.20703125 0.5296875 0.01875 0.0765625
24 0.40234375 0.42421875 0.0234375 0.0609375
5 0.43671875 0.97890625 0.0328125 0.0421875
12 0.67421875 0.9640625 0.028125 0.046875
12 0.1875 0.4953125 0.03125 0.08125