17 0.2546875 0.83828125 0.0234375 0.1203125
27 0.63984375 0.8234375 0.034375 0.1171875
9 0.8046875 0.8421875 0.028125 0.1390625
7 0.9609375 0.559375 0.0234375 0.0953125
28 0.64609375 0.47734375 0.00625 0.0203125
4 0.575 0.4671875 0.028125 0.078125
1 0.6015625 0.41015625 0.01875 0.0859375
23 0.334375 0.5546875 0.025 0.09375
13 0.13984375 0.7203125 0.025 0.103125
10 0.24921875 0.534375 0.03125 0.096875
2 0.315625 0.4546875 0.025 0.08125
3 0.359375 0.409375 0.015625 0.0859375
11 0.3890625 0.43828125 0.0171875 0.084375
15 0.54296875 0.27734375 0.0171875 0.075
21 0.41171875 0.36328125 0.0125 0.0828125
6 0.44296875 0.39375 0.0125 0.071875
8 0.76328125 0.36640625 0.021875 0.08125