13 0.53203125 0.94375 0.0640625 0.1125
17 0.37734375 0.6578125 0.0671875 0.1203125
2 0.028125 0.478125 0.05625 0.115625
10 0.56015625 0.42578125 0.0359375 0.071875
28 0.58515625 0.36328125 0.015625 0.0171875
15 0.5671875 0.28046875 0.04375 0.0671875
9 0.78515625 0.71328125 0.053125 0.1046875
7 0.88125 0.58203125 0.05 0.1078125
20 0.94609375 0.4984375 0.040625 0.090625
16 0.903125 0.44453125 0.0375 0.0859375
22 0.69375 0.41484375 0.04375 0.0828125
4 0.84140625 0.5046875 0.0484375 0.1
3 0.284375 0.32734375 0.0296875 0.0765625
21 0.56171875 0.48984375 0.0421875 0.0984375
27 0.81484375 0.69921875 0.05 0.1109375
24 0.78359375 0.48984375 0.028125 0.05625