28 0.5046875 0.82578125 0.0171875 0.034375
13 0.2765625 0.9328125 0.040625 0.11875
17 0.45078125 0.96796875 0.0359375 0.0640625
27 0.7484375 0.78671875 0.046875 0.115625
21 0.58671875 0.578125 0.0359375 0.09375
8 0.984375 0.590625 0.03125 0.109375
4 0.81953125 0.60546875 0.0328125 0.1046875
6 0.63125 0.47734375 0.0234375 0.090625
15 0.80859375 0.4328125 0.0359375 0.0921875
11 0.1859375 0.55625 0.0265625 0.0984375
23 0.390625 0.31484375 0.0265625 0.0625
19 0.325 0.35078125 0.0234375 0.0703125
3 0.23125 0.515625 0.03125 0.1015625
24 0.54375 0.49375 0.0328125 0.084375
2 0.165625 0.60546875 0.040625 0.0953125