17 0.64140625 0.84609375 0.02421875 0.11796875
13 0.77578125 0.7640625 0.0234375 0.1046875
9 0.31640625 0.77578125 0.01875 0.10703125
28 0.27265625 0.5625 0.01015625 0.01484375
16 0.0375 0.440625 0.01953125 0.08984375
7 0.2234375 0.6109375 0.02265625 0.08984375
20 0.2375 0.49296875 0.02421875 0.0671875
22 0.290625 0.53046875 0.01796875 0.084375
8 0.26171875 0.3703125 0.015625 0.07109375
24 0.36953125 0.46484375 0.01875 0.08046875
4 0.38515625 0.5390625 0.0234375 0.08359375
15 0.38046875 0.2828125 0.01875 0.06875
10 0.56953125 0.5703125 0.0203125 0.08984375
23 0.52265625 0.596875 0.01875 0.0796875
1 0.4109375 0.42109375 0.0140625 0.078125
21 0.490625 0.39453125 0.01484375 0.07421875
3 0.60859375 0.41171875 0.01484375 0.059375
6 0.52890625 0.4359375 0.01640625 0.07265625
19 0.53203125 0.36796875 0.01640625 0.06328125
26 0.9921875 0.40703125 0.01484375 0.08984375