9 0.178125 0.79140625 0.03046875 0.11875
27 0.50546875 0.73125 0.02109375 0.0953125
20 0.246875 0.5171875 0.01484375 0.08515625
8 0.11796875 0.36640625 0.02265625 0.07265625
28 0.31796875 0.29765625 0.00546875 0.0109375
24 0.42578125 0.3921875 0.01875 0.06796875
4 0.5359375 0.41953125 0.0234375 0.0796875
19 0.4359375 0.271875 0.01171875 0.0609375
22 0.44765625 0.3515625 0.0125 0.04296875
15 0.39765625 0.265625 0.02265625 0.06796875
13 0.86875 0.66953125 0.015625 0.10625
10 0.69921875 0.43046875 0.0125 0.084375
21 0.653125 0.43203125 0.015625 0.07421875
23 0.63125 0.37890625 0.01640625 0.0796875
3 0.646875 0.359375 0.01484375 0.078125