17 0.66875 0.79921875 0.0359375 0.1421875
22 0.29375 0.6671875 0.034375 0.1203125
8 0.2234375 0.56171875 0.03125 0.115625
16 0.025 0.4859375 0.0375 0.1125
1 0.29921875 0.4515625 0.0359375 0.0953125
19 0.4265625 0.38828125 0.0296875 0.096875
15 0.37109375 0.38125 0.025 0.0765625
28 0.3765625 0.4078125 0.009375 0.0140625
6 0.50078125 0.5015625 0.03125 0.1109375
4 0.5875 0.5765625 0.0375 0.1234375
21 0.81796875 0.6640625 0.034375 0.1234375
23 0.690625 0.6 0.0296875 0.121875
26 0.97265625 0.48359375 0.040625 0.1125
13 0.8671875 0.70625 0.0375 0.121875
11 0.70703125 0.55234375 0.0296875 0.1171875
10 0.85859375 0.58984375 0.0359375 0.1171875
2 0.80859375 0.56015625 0.046875 0.1125
3 0.725 0.4921875 0.0359375 0.0953125
24 0.28984375 0.56171875 0.0328125 0.1