28 0.63125 0.37578125 0.0234375 0.02421875
20 0.22265625 0.52578125 0.0359375 0.13046875
9 0.340625 0.61640625 0.04375 0.15234375
4 0.51015625 0.58125 0.0359375 0.15078125
16 0.53046875 0.4609375 0.02421875 0.1265625
8 0.5421875 0.34296875 0.0390625 0.1171875
22 0.6890625 0.375 0.03203125 0.121875
24 0.79140625 0.4625 0.03203125 0.12109375
21 0.79375 0.64375 0.040625 0.140625
15 0.8890625 0.34921875 0.0421875 0.1296875
7 0.27109375 0.45859375 0.03828125 0.146875
24 0.60625 0.17734375 0.0234375 0.103125