21 0.5875 0.503125 0.02578125 0.09453125
24 0.6015625 0.3546875 0.02109375 0.0703125
28 0.615625 0.43671875 0.00625 0.01015625
17 0.81328125 0.81875 0.03203125 0.10859375
9 0.25078125 0.56796875 0.03671875 0.06875
27 0.246875 0.5109375 0.02109375 0.075
8 0.48984375 0.44140625 0.02421875 0.09140625
23 0.83203125 0.3609375 0.02890625 0.08359375
20 0.31484375 0.4015625 0.03125 0.08125
24 0.3328125 0.16875 0.0234375 0.04921875
10 0.746875 0.45546875 0.0234375 0.0984375
3 0.89765625 0.3671875 0.02421875 0.0953125
4 0.62734375 0.44140625 0.021875 0.07890625