28 0.56484375 0.49921875 0.015625 0.02265625
6 0.64921875 0.54921875 0.02578125 0.08359375
17 0.965625 0.84921875 0.034375 0.12421875
22 0.46953125 0.55859375 0.02421875 0.09140625
24 0.34609375 0.7421875 0.02890625 0.103125
20 0.184375 0.6234375 0.02421875 0.08828125
9 0.1578125 0.60625 0.01875 0.08828125
1 0.434375 0.45859375 0.025 0.07578125
8 0.26484375 0.6359375 0.02421875 0.09140625
7 0.26171875 0.546875 0.0234375 0.08828125
15 0.39375 0.41171875 0.02734375 0.0859375
4 0.5890625 0.6765625 0.01953125 0.1125