28 0.346875 0.3125 0.00703125 0.021875
24 0.31015625 0.54296875 0.02109375 0.103125
20 0.18125 0.4328125 0.03046875 0.10234375
17 0.08203125 0.6375 0.025 0.11953125
23 0.28828125 0.76171875 0.0328125 0.1265625
27 0.47109375 0.63984375 0.02265625 0.115625
11 0.60546875 0.5046875 0.021875 0.10234375
26 0.78984375 0.55234375 0.0203125 0.12578125
9 0.70390625 0.62578125 0.02109375 0.1171875
4 0.653125 0.51640625 0.021875 0.10703125
2 0.76796875 0.57421875 0.01640625 0.0234375
7 0.75703125 0.63203125 0.01484375 0.11796875