26 0.6359375 0.5828125 0.0109375 0.021875
20 0.4921875 0.8578125 0.0359375 0.15
13 0.5140625 0.64296875 0.03125 0.0984375
17 0.3546875 0.62734375 0.0375 0.1265625
11 0.590625 0.59296875 0.0390625 0.1109375
26 0.5984375 0.4890625 0.034375 0.1
3 0.38515625 0.51015625 0.028125 0.13125
21 0.50234375 0.51484375 0.0359375 0.13125
22 0.1453125 0.7625 0.034375 0.146875
27 0.09375 0.62890625 0.03125 0.153125
1 0.190625 0.51953125 0.0390625 0.1125
24 0.11640625 0.4078125 0.0375 0.1046875
7 0.33984375 0.45859375 0.028125 0.1296875