9 0.4703125 0.84140625 0.0484375 0.1328125
7 0.78125 0.615625 0.0328125 0.1234375
16 0.875 0.40625 0.0296875 0.09375
8 0.77578125 0.2671875 0.0234375 0.08125
28 0.7671875 0.3 0.0109375 0.021875
1 0.66328125 0.296875 0.025 0.071875
20 0.60390625 0.540625 0.03125 0.09375
22 0.5671875 0.44921875 0.025 0.0890625
24 0.51171875 0.41015625 0.028125 0.084375
4 0.39921875 0.49453125 0.03125 0.103125
27 0.31015625 0.6546875 0.03125 0.1171875
17 0.06328125 0.96953125 0.0453125 0.0609375
23 0.09609375 0.61875 0.0296875 0.103125
10 0.040625 0.6 0.04375 0.109375
21 0.40703125 0.35078125 0.0234375 0.0890625
6 0.3671875 0.35078125 0.0296875 0.0875
19 0.44921875 0.26015625 0.0265625 0.0734375
2 0.1703125 0.503125 0.0296875 0.1015625
3 0.19375 0.428125 0.0296875 0.0890625