9 0.33515625 0.690625 0.025 0.11640625
27 0.2140625 0.590625 0.025 0.1046875
7 0.0109375 0.52890625 0.01796875 0.10859375
8 0.20234375 0.39921875 0.0171875 0.08203125
20 0.234375 0.33828125 0.021875 0.0765625
4 0.35390625 0.40625 0.02109375 0.09296875
24 0.4703125 0.38671875 0.0203125 0.09140625
22 0.3484375 0.303125 0.0171875 0.084375
17 0.90703125 0.73515625 0.0265625 0.12421875
21 0.61171875 0.4828125 0.021875 0.0953125
10 0.68515625 0.4609375 0.0234375 0.096875
13 0.96953125 0.62734375 0.0234375 0.1015625
3 0.78359375 0.38125 0.02421875 0.09921875
6 0.55078125 0.32578125 0.021875 0.08203125
1 0.41015625 0.30625 0.015625 0.07578125
23 0.5875 0.2296875 0.0140625 0.0703125
15 0.40234375 0.25078125 0.0140625 0.0703125