13 0.3921875 0.6765625 0.0359375 0.0890625
26 0.06171875 0.3328125 0.0296875 0.078125
2 0.4203125 0.328125 0.021875 0.0640625
3 0.43515625 0.28125 0.0203125 0.0625
15 0.5328125 0.11640625 0.03125 0.0578125
11 0.53984375 0.36328125 0.0265625 0.0671875
27 0.6484375 0.50234375 0.0265625 0.0828125
28 0.62421875 0.30859375 0.00625 0.0140625
4 0.58359375 0.32421875 0.021875 0.065625
1 0.64609375 0.23125 0.025 0.05625
6 0.5234375 0.25625 0.025 0.0640625
10 0.34921875 0.325 0.028125 0.065625
19 0.46171875 0.20234375 0.0171875 0.0546875