17 0.45078125 0.93046875 0.04140625 0.1265625
27 0.4125 0.678125 0.03046875 0.1
7 0.18046875 0.5046875 0.02265625 0.0859375
20 0.31328125 0.4609375 0.02421875 0.08359375
28 0.34296875 0.38671875 0.0046875 0.0140625
8 0.33203125 0.35859375 0.0140625 0.06640625
16 0.32109375 0.28984375 0.01796875 0.05859375
24 0.475 0.396875 0.025 0.06640625
4 0.5453125 0.48515625 0.01953125 0.08359375
21 0.68671875 0.546875 0.02578125 0.08671875
13 0.82734375 0.68125 0.01796875 0.08984375
10 0.71796875 0.521875 0.01875 0.09296875
2 0.73046875 0.43203125 0.0203125 0.07578125
11 0.68671875 0.4234375 0.01875 0.075
23 0.5828125 0.32734375 0.01171875 0.065625
19 0.640625 0.2828125 0.01640625 0.05625
3 0.64765625 0.34765625 0.0171875 0.0671875
15 0.50859375 0.2171875 0.0171875 0.06015625
1 0.51015625 0.309375 0.01171875 0.02890625
6 0.51640625 0.35859375 0.01484375 0.05703125
24 0.15078125 0.22109375 0.01953125 0.05546875