26 0.10625 0.41796875 0.021875 0.0734375
19 0.421875 0.33828125 0.01875 0.0578125
27 0.328125 0.86640625 0.0359375 0.10625
3 0.3453125 0.4015625 0.025 0.0703125
10 0.29921875 0.52890625 0.0265625 0.0765625
2 0.28046875 0.48203125 0.021875 0.0484375
8 0.68203125 0.46953125 0.0265625 0.075
24 0.6328125 0.5765625 0.0265625 0.08125
20 0.8640625 0.58046875 0.0265625 0.084375
4 0.384375 0.6796875 0.0359375 0.0921875
6 0.46796875 0.4671875 0.028125 0.078125
7 0.93125 0.66328125 0.0375 0.0921875
16 0.89921875 0.43359375 0.03125 0.078125
17 0.42890625 0.7609375 0.03125 0.0953125
15 0.77421875 0.3171875 0.028125 0.065625
1 0.5640625 0.384375 0.0265625 0.0734375