9 0.678125 0.90234375 0.040625 0.115625
27 0.640625 0.8765625 0.0421875 0.1265625
24 0.81796875 0.52421875 0.0328125 0.08125
8 0.8890625 0.54453125 0.034375 0.0875
1 0.7890625 0.440625 0.034375 0.0828125
15 0.7265625 0.41171875 0.040625 0.0921875
4 0.62265625 0.56640625 0.0453125 0.1
22 0.69765625 0.58359375 0.0296875 0.0875
28 0.46171875 0.6453125 0.0109375 0.021875
17 0.484375 0.62578125 0.034375 0.0875
19 0.61328125 0.43046875 0.0265625 0.071875
23 0.53515625 0.51328125 0.03125 0.0875
11 0.48203125 0.5 0.034375 0.09375
3 0.45859375 0.47265625 0.025 0.0609375
26 0.1640625 0.44375 0.0375 0.0875