20 0.40546875 0.6 0.02265625 0.0703125
9 0.403125 0.83671875 0.028125 0.096875
28 0.36640625 0.459375 0.009375 0.01328125
22 0.453125 0.66328125 0.02421875 0.07265625
7 0.178125 0.6890625 0.0234375 0.09296875
24 0.73046875 0.59140625 0.0234375 0.07109375
25 0.04375 0.43359375 0.01953125 0.0796875
8 0.6640625 0.84296875 0.02265625 0.09765625
1 0.75078125 0.38671875 0.02109375 0.0703125
6 0.93515625 0.51484375 0.02578125 0.07265625
21 0.9421875 0.80859375 0.02265625 0.09921875
10 0.9890625 0.746875 0.021875 0.08125