17 0.17265625 0.8859375 0.034375 0.1171875
9 0.5109375 0.8921875 0.034375 0.1265625
27 0.50859375 0.7640625 0.028125 0.10625
23 0.35234375 0.71875 0.0328125 0.09375
7 0.95 0.6234375 0.0265625 0.1015625
8 0.7328125 0.6546875 0.0296875 0.0984375
16 0.97890625 0.3890625 0.0234375 0.090625
20 0.8421875 0.45078125 0.0265625 0.0765625
15 0.7078125 0.31015625 0.028125 0.071875
24 0.659375 0.5234375 0.025 0.084375
13 0.21875 0.73671875 0.0296875 0.0953125
10 0.2859375 0.63125 0.0296875 0.10625
4 0.5171875 0.57578125 0.0265625 0.0890625
1 0.5828125 0.4265625 0.025 0.0796875
21 0.51015625 0.428125 0.028125 0.0703125
11 0.47734375 0.5 0.0296875 0.0859375
3 0.4046875 0.45078125 0.025 0.0859375
19 0.46015625 0.403125 0.021875 0.0765625
26 0.00703125 0.440625 0.0140625 0.084375
2 0.4328125 0.5171875 0.0265625 0.0828125