22 0.49296875 0.58984375 0.02109375 0.07421875
20 0.271875 0.64921875 0.021875 0.08203125
7 0.13046875 0.7109375 0.01953125 0.08828125
16 0.56484375 0.31875 0.0140625 0.0609375
24 0.6390625 0.54921875 0.0203125 0.07578125
16 0.3546875 0.44140625 0.01796875 0.06484375
27 0.55703125 0.6328125 0.02734375 0.0859375
1 0.7390625 0.35078125 0.01328125 0.05859375
6 0.8765625 0.48359375 0.01875 0.07578125
28 0.659375 0.790625 0.009375 0.028125
9 0.4546875 0.82421875 0.01953125 0.09296875
23 0.95 0.46171875 0.02109375 0.06875
5 0.80625 0.9359375 0.02421875 0.11484375
12 0.5546875 0.89921875 0.02265625 0.10078125