28 0.53671875 0.3109375 0.01015625 0.009375
21 0.459375 0.4546875 0.03125 0.0890625
24 0.2078125 0.375 0.025 0.08203125
19 0.2828125 0.2828125 0.028125 0.0625
15 0.2125 0.26796875 0.02578125 0.08046875
6 0.47109375 0.30859375 0.03359375 0.06796875
13 0.709375 0.60546875 0.028125 0.09453125
2 0.74609375 0.52421875 0.03203125 0.0921875
26 0.91328125 0.4234375 0.02734375 0.08984375
22 0.5140625 0.28125 0.0203125 0.06328125
10 0.57578125 0.4625 0.02734375 0.08125
11 0.671875 0.5296875 0.0375 0.10078125