17 0.64765625 0.81015625 0.0265625 0.14140625
22 0.2828125 0.65234375 0.02578125 0.11875
8 0.21953125 0.5421875 0.0234375 0.1140625
16 0.02734375 0.453125 0.0296875 0.11015625
1 0.303125 0.4375 0.02890625 0.09296875
19 0.434375 0.38359375 0.0234375 0.0953125
15 0.3796875 0.37265625 0.01953125 0.07578125
28 0.38359375 0.39921875 0.0078125 0.0140625
6 0.50078125 0.5015625 0.0234375 0.11015625
4 0.58203125 0.5828125 0.0296875 0.121875
21 0.80546875 0.6859375 0.02578125 0.12265625
23 0.6828125 0.61328125 0.02109375 0.12109375
26 0.97265625 0.51640625 0.0328125 0.11015625
13 0.8515625 0.73125 0.0296875 0.1203125
11 0.703125 0.56640625 0.021875 0.115625
10 0.8515625 0.61484375 0.02734375 0.11484375
2 0.80390625 0.58125 0.0390625 0.109375
3 0.725 0.5078125 0.02890625 0.09375
24 0.2859375 0.546875 0.0265625 0.0984375