9 0.90703125 0.7796875 0.0328125 0.1125
16 0.92265625 0.41953125 0.021875 0.0765625
8 0.76640625 0.53046875 0.015625 0.0859375
15 0.815625 0.353125 0.0203125 0.0671875
17 0.3046875 0.571875 0.021875 0.084375
13 0.1015625 0.65 0.0265625 0.09375
10 0.340625 0.48203125 0.025 0.0828125
23 0.40234375 0.48125 0.0203125 0.0703125
2 0.0859375 0.49375 0.0234375 0.09375
4 0.5640625 0.615625 0.01875 0.0984375
3 0.01015625 0.38046875 0.0140625 0.0765625
22 0.3625 0.37265625 0.025 0.059375
1 0.77109375 0.3359375 0.0140625 0.0671875