9 0.1140625 0.76640625 0.03046875 0.11796875
27 0.0859375 0.71953125 0.025 0.12421875
16 0.01171875 0.39453125 0.02109375 0.08984375
20 0.1765625 0.38828125 0.01953125 0.09375
8 0.20390625 0.39140625 0.021875 0.07421875
21 0.58203125 0.49375 0.0234375 0.103125
4 0.359375 0.46640625 0.0234375 0.1046875
28 0.31953125 0.3703125 0.01015625 0.02109375
22 0.3296875 0.33515625 0.01796875 0.078125
15 0.44453125 0.27265625 0.0234375 0.084375
10 0.69765625 0.4859375 0.028125 0.09921875
24 0.4484375 0.41015625 0.01875 0.08984375
3 0.81796875 0.41015625 0.021875 0.10546875
2 0.91328125 0.4796875 0.02734375 0.10703125
11 0.95 0.4484375 0.02265625 0.09765625
23 0.60859375 0.25703125 0.0234375 0.0703125
13 0.95859375 0.63359375 0.01953125 0.1140625
17 0.97734375 0.7046875 0.02578125 0.12578125