17 0.7390625 0.8484375 0.0546875 0.13125
13 0.73046875 0.5890625 0.0421875 0.103125
26 0.8078125 0.38359375 0.04375 0.1078125
21 0.5703125 0.41015625 0.0375 0.0921875
27 0.28125 0.721875 0.040625 0.1171875
20 0.08203125 0.55625 0.040625 0.10625
15 0.32890625 0.3296875 0.0421875 0.084375
1 0.259375 0.43203125 0.0328125 0.084375
4 0.37890625 0.48046875 0.0453125 0.1
10 0.48125 0.446875 0.04375 0.1
28 0.45703125 0.3515625 0.0171875 0.0234375
3 0.50625 0.4 0.04375 0.10625
22 0.32109375 0.4828125 0.0421875 0.103125
23 0.415625 0.47890625 0.04375 0.0921875