24 0.74609375 0.5890625 0.0234375 0.0921875
26 0.3625 0.3234375 0.03125 0.0921875
17 0.2 0.68515625 0.034375 0.1125
24 0.028125 0.74921875 0.0390625 0.1203125
7 0.88046875 0.77890625 0.0484375 0.128125
10 0.44453125 0.48203125 0.0296875 0.09375
8 0.7578125 0.53203125 0.0234375 0.0390625
16 0.9640625 0.54296875 0.040625 0.0984375
28 0.46484375 0.67265625 0.009375 0.0171875
20 0.85703125 0.6796875 0.0265625 0.1125
13 0.234375 0.61640625 0.0296875 0.0953125
3 0.34453125 0.64609375 0.03125 0.1140625
21 0.51484375 0.5015625 0.03125 0.1109375
23 0.684375 0.5 0.0265625 0.0984375