22 0.50546875 0.58984375 0.03125 0.0765625
20 0.29453125 0.6796875 0.0328125 0.084375
7 0.16328125 0.76015625 0.03125 0.090625
16 0.5390625 0.31171875 0.021875 0.0625
24 0.64453125 0.5296875 0.03125 0.078125
16 0.34765625 0.4625 0.0265625 0.0671875
27 0.575 0.6234375 0.0390625 0.0890625
1 0.715625 0.31875 0.021875 0.059375
6 0.8703125 0.43125 0.0296875 0.078125
28 0.6984375 0.765625 0.0125 0.0296875
9 0.5 0.82734375 0.0328125 0.0953125
23 0.940625 0.39921875 0.0296875 0.0703125
5 0.8640625 0.8890625 0.040625 0.1171875
12 0.609375 0.8875 0.0359375 0.103125