28 0.20234375 0.603125 0.0125 0.025
7 0.17265625 0.59609375 0.03125 0.084375
23 0.54375 0.85703125 0.0328125 0.0984375
17 0.840625 0.80234375 0.028125 0.103125
22 0.2609375 0.4796875 0.01875 0.0796875
27 0.5703125 0.73359375 0.0234375 0.1015625
4 0.50703125 0.6 0.0203125 0.1046875
10 0.678125 0.58828125 0.01875 0.0875
13 0.83046875 0.71171875 0.021875 0.0875
2 0.72734375 0.47421875 0.01875 0.0890625
24 0.4140625 0.46875 0.0171875 0.0734375
16 0.15546875 0.34765625 0.0171875 0.065625
15 0.22890625 0.29375 0.0171875 0.0765625
20 0.32734375 0.34921875 0.0203125 0.0703125
1 0.46640625 0.35234375 0.015625 0.0671875
9 0.68125 0.77109375 0.0296875 0.109375
19 0.6015625 0.3328125 0.0140625 0.0671875
26 0.9828125 0.3484375 0.01875 0.0828125