7 0.86015625 0.4703125 0.0390625 0.0875
9 0.71875 0.66796875 0.046875 0.1046875
20 0.6671875 0.41171875 0.0375 0.0859375
16 0.61953125 0.31328125 0.028125 0.0625
27 0.68046875 0.59609375 0.0453125 0.1
4 0.54375 0.5296875 0.0421875 0.0875
8 0.5234375 0.59921875 0.0375 0.0921875
21 0.39140625 0.57890625 0.0375 0.0828125
1 0.496875 0.31953125 0.0265625 0.0640625
15 0.4625 0.2171875 0.025 0.0609375
9 0.16953125 0.75234375 0.0359375 0.0984375
17 0.1609375 0.91796875 0.04375 0.1078125
10 0.24921875 0.5921875 0.034375 0.0921875
6 0.365625 0.378125 0.034375 0.0734375
19 0.2828125 0.3203125 0.0265625 0.0625
3 0.19921875 0.43125 0.03125 0.078125
11 0.21171875 0.56015625 0.0265625 0.078125
24 0.3953125 0.434375 0.0296875 0.0609375
5 0.4875 0.98125 0.0375 0.0375
12 0.72109375 0.94296875 0.0328125 0.05
12 0.18828125 0.528125 0.0390625 0.0828125