17 0.66796875 0.8875 0.03046875 0.128125
13 0.709375 0.63125 0.0234375 0.10078125
26 0.82421875 0.44453125 0.0234375 0.1046875
21 0.5859375 0.425 0.02109375 0.08984375
27 0.24296875 0.67578125 0.01953125 0.11484375
20 0.07890625 0.47578125 0.02109375 0.1046875
15 0.36484375 0.3 0.0265625 0.08125
1 0.2765625 0.3875 0.01796875 0.0828125
4 0.38515625 0.4578125 0.02734375 0.096875
10 0.49140625 0.44453125 0.02578125 0.096875
28 0.4859375 0.34609375 0.01328125 0.021875
3 0.525 0.403125 0.02421875 0.103125
22 0.32734375 0.44921875 0.02421875 0.1
23 0.42109375 0.46328125 0.0265625 0.0890625