9 0.35625 0.70703125 0.0375 0.11875
27 0.225 0.6203125 0.0359375 0.10625
7 0.01640625 0.5796875 0.0296875 0.109375
8 0.19375 0.43125 0.025 0.0828125
20 0.21875 0.3671875 0.0296875 0.078125
4 0.34453125 0.421875 0.03125 0.0953125
24 0.45859375 0.390625 0.0296875 0.09375
22 0.32890625 0.3203125 0.0265625 0.0859375
17 0.9296875 0.69140625 0.0390625 0.1265625
21 0.609375 0.47109375 0.03125 0.096875
10 0.6796875 0.4421875 0.0328125 0.0984375
13 0.98046875 0.57734375 0.034375 0.103125
3 0.76953125 0.35234375 0.034375 0.1015625
6 0.53203125 0.32109375 0.0296875 0.084375
1 0.390625 0.31640625 0.0234375 0.0765625
23 0.55859375 0.221875 0.021875 0.071875
15 0.3765625 0.2625 0.021875 0.071875