24 0.44375 0.221875 0.02421875 0.0765625
24 0.59140625 0.559375 0.01953125 0.09375
4 0.59453125 0.49296875 0.021875 0.04296875
7 0.353125 0.51640625 0.02421875 0.10625
27 0.4546875 0.83984375 0.03046875 0.14140625
17 0.915625 0.91796875 0.03203125 0.1421875
21 0.7328125 0.55859375 0.03359375 0.103125
6 0.71796875 0.47265625 0.025 0.08984375
8 0.55859375 0.48671875 0.02734375 0.090625
23 0.9359375 0.3078125 0.0234375 0.07421875
11 0.9484375 0.4796875 0.0375 0.1078125
22 0.65234375 0.4140625 0.028125 0.0890625
1 0.7734375 0.3296875 0.0265625 0.075
16 0.415625 0.3953125 0.02890625 0.09296875
20 0.1453125 0.5296875 0.0296875 0.11171875
28 0.6375 0.2296875 0.0078125 0.0125
10 0.8546875 0.52578125 0.034375 0.103125
9 0.42265625 0.690625 0.0328125 0.1078125