25 0.35234375 0.5546875 0.0265625 0.11640625
28 0.634375 0.66328125 0.02578125 0.03984375
27 0.60546875 0.84375 0.03828125 0.12421875
9 0.66484375 0.7796875 0.02890625 0.12265625
4 0.703125 0.74921875 0.028125 0.11875
7 0.72421875 0.7484375 0.03359375 0.1203125
20 0.7578125 0.6640625 0.0265625 0.11171875
21 0.9484375 0.809375 0.028125 0.125
8 0.9875 0.77890625 0.0234375 0.13046875
16 0.90234375 0.57421875 0.02109375 0.10546875
24 0.81328125 0.60546875 0.03984375 0.10703125
15 0.946875 0.52578125 0.028125 0.0625
6 0.9078125 0.90078125 0.03671875 0.12578125