22 0.52265625 0.5875 0.034375 0.0765625
20 0.75078125 0.60703125 0.0359375 0.084375
7 0.90078125 0.64375 0.034375 0.090625
16 0.4046875 0.3328125 0.025 0.0625
24 0.371875 0.57265625 0.0328125 0.078125
16 0.6328125 0.4171875 0.0296875 0.0671875
27 0.4671875 0.640625 0.0421875 0.0890625
1 0.23828125 0.39453125 0.0234375 0.059375
6 0.1265625 0.54921875 0.03125 0.078125
28 0.39375 0.8140625 0.0140625 0.0296875
9 0.60078125 0.81171875 0.0359375 0.0953125
23 0.05 0.540625 0.0328125 0.071875
5 0.2734375 0.96171875 0.04375 0.0765625
12 0.515625 0.90234375 0.0390625 0.103125