9 0.0375 0.67265625 0.059375 0.1171875
16 0.109375 0.31953125 0.0390625 0.078125
8 0.234375 0.46484375 0.0359375 0.0859375
15 0.2296875 0.28125 0.0359375 0.06875
17 0.67265625 0.6171875 0.0421875 0.0875
13 0.85 0.7421875 0.0484375 0.096875
10 0.659375 0.52109375 0.04375 0.0859375
23 0.59921875 0.50546875 0.0359375 0.0734375
2 0.903125 0.59453125 0.0453125 0.0953125
4 0.41015625 0.59609375 0.040625 0.0984375
3 0.99375 0.50234375 0.0125 0.0765625
22 0.6640625 0.409375 0.0390625 0.0625
1 0.2765625 0.275 0.0296875 0.06875