27 0.45546875 0.86953125 0.0453125 0.1203125
13 0.13046875 0.83203125 0.0421875 0.1078125
10 0.1625 0.70546875 0.046875 0.1140625
2 0.25859375 0.60390625 0.034375 0.1
3 0.3265625 0.51796875 0.0375 0.096875
19 0.4078125 0.428125 0.0328125 0.090625
23 0.23125 0.7234375 0.046875 0.109375
11 0.36875 0.5625 0.0359375 0.1
21 0.45234375 0.4703125 0.034375 0.0890625
28 0.51640625 0.22109375 0.0109375 0.015625
4 0.48203125 0.6515625 0.0484375 0.10625
6 0.515625 0.5375 0.0421875 0.0984375
15 0.5921875 0.33515625 0.0375 0.0796875
1 0.5609375 0.41875 0.0328125 0.0875
22 0.63984375 0.5171875 0.0375 0.096875
8 0.7078125 0.6984375 0.0375 0.1
9 0.55859375 0.95859375 0.04375 0.08125
20 0.88359375 0.49765625 0.0390625 0.1
16 0.95078125 0.37109375 0.0375 0.09375
24 0.728125 0.4875 0.0390625 0.09375