21 0.4015625 0.5875 0.0328125 0.11953125
24 0.46015625 0.4703125 0.03203125 0.1015625
11 0.82421875 0.51015625 0.03046875 0.11875
6 0.53828125 0.40546875 0.03046875 0.103125
10 0.64453125 0.5265625 0.03359375 0.1203125
17 0.534375 0.9578125 0.03125 0.084375
8 0.065625 0.5484375 0.0234375 0.109375
4 0.12265625 0.5796875 0.02890625 0.1296875
27 0.015625 0.96640625 0.02890625 0.0671875
23 0.7984375 0.3078125 0.01953125 0.09296875
3 0.76953125 0.27578125 0.03515625 0.10234375
1 0.9375 0.5046875 0.0328125 0.1171875
13 0.94921875 0.7359375 0.03359375 0.1265625
28 0.64609375 0.23046875 0.0078125 0.01484375