19 0.66484375 0.3296875 0.01796875 0.05546875
3 0.80859375 0.3640625 0.01875 0.06484375
23 0.60625 0.365625 0.01328125 0.05703125
21 0.7125 0.55625 0.021875 0.0671875
10 0.803125 0.534375 0.01640625 0.06640625
6 0.48984375 0.40703125 0.01796875 0.05703125
24 0.45859375 0.54140625 0.0171875 0.0671875
22 0.409375 0.52578125 0.01484375 0.0703125
15 0.2640625 0.35859375 0.01640625 0.05859375
16 0.20234375 0.49296875 0.01796875 0.05703125
7 0.184375 0.62265625 0.01953125 0.0671875
28 0.403125 0.83828125 0.0109375 0.03046875
5 0.4265625 0.9125 0.03515625 0.10078125
12 0.1296875 0.91171875 0.02578125 0.10546875