9 0.12890625 0.7859375 0.0359375 0.11875
27 0.09765625 0.740625 0.03125 0.125
16 0.009375 0.4203125 0.01875 0.090625
20 0.17109375 0.40546875 0.025 0.0953125
8 0.1984375 0.40703125 0.025 0.075
21 0.58125 0.48984375 0.028125 0.1046875
4 0.3578125 0.4734375 0.028125 0.10625
28 0.31328125 0.3796875 0.0109375 0.021875
22 0.32109375 0.34453125 0.021875 0.0796875
15 0.4328125 0.27578125 0.028125 0.0859375
10 0.696875 0.47578125 0.0328125 0.1
24 0.44375 0.41328125 0.0234375 0.090625
3 0.8125 0.39375 0.028125 0.10625
2 0.91171875 0.4578125 0.0328125 0.1078125
11 0.946875 0.425 0.028125 0.0984375
23 0.59609375 0.2515625 0.0265625 0.071875
13 0.96484375 0.609375 0.025 0.115625
17 0.98515625 0.67890625 0.0296875 0.1265625