17 0.3265625 0.84453125 0.0453125 0.1125
28 0.37734375 0.66015625 0.0171875 0.0296875
13 0.26171875 0.68671875 0.040625 0.090625
9 0.21328125 0.8796875 0.04375 0.109375
24 0.1859375 0.8640625 0.0484375 0.128125
20 0.890625 0.5859375 0.040625 0.09375
3 0.45234375 0.3671875 0.0328125 0.075
19 0.58359375 0.334375 0.0328125 0.071875
1 0.64296875 0.38359375 0.034375 0.0734375
15 0.83671875 0.30859375 0.034375 0.0921875
23 0.684375 0.4796875 0.034375 0.084375
27 0.45390625 0.7015625 0.0390625 0.1015625
26 0.34765625 0.4015625 0.0375 0.0875
6 0.6359375 0.4578125 0.040625 0.084375
10 0.48359375 0.52109375 0.0421875 0.090625
8 0.67890625 0.59375 0.034375 0.0890625
11 0.51328125 0.45234375 0.03125 0.0765625