21 0.509375 0.69296875 0.03125 0.09296875
27 0.2234375 0.7875 0.01796875 0.11015625
9 0.184375 0.81484375 0.03671875 0.11640625
24 0.14453125 0.63125 0.02265625 0.10546875
24 0.08515625 0.4375 0.02578125 0.0875
8 0.01015625 0.5453125 0.0203125 0.1
22 0.2265625 0.66015625 0.0234375 0.10546875
28 0.47421875 0.5734375 0.015625 0.025
4 0.3546875 0.609375 0.02109375 0.1125
15 0.1890625 0.3859375 0.0296875 0.084375
26 0.6875 0.465625 0.03515625 0.08984375
6 0.403125 0.55546875 0.03125 0.08984375
13 0.5671875 0.575 0.03203125 0.08046875