13 0.12734375 0.65234375 0.021875 0.0734375
2 0.1375 0.52421875 0.025 0.0890625
3 0.1046875 0.39609375 0.01875 0.0671875
11 0.2359375 0.390625 0.01875 0.0609375
10 0.3796875 0.5 0.0203125 0.06875
6 0.33828125 0.428125 0.01875 0.0671875
17 0.27734375 0.60078125 0.028125 0.08125
23 0.4375 0.50390625 0.01875 0.0703125
4 0.70078125 0.57421875 0.025 0.084375
8 0.8015625 0.49921875 0.021875 0.08125
24 0.6515625 0.440625 0.0171875 0.071875
9 0.91015625 0.71484375 0.0265625 0.103125
20 0.9359375 0.50546875 0.0203125 0.0859375
7 0.96796875 0.50859375 0.0203125 0.0796875
16 0.934375 0.39765625 0.0140625 0.06875
24 0.93515625 0.32578125 0.01875 0.0625
1 0.78125 0.346875 0.0171875 0.065625
15 0.80546875 0.35 0.0203125 0.0671875
27 0.88984375 0.9546875 0.03125 0.0515625