17 0.2953125 0.8125 0.046875 0.1203125
13 0.17890625 0.70625 0.04375 0.1078125
9 0.62734375 0.80546875 0.0390625 0.109375
28 0.7109375 0.6046875 0.0125 0.0171875
16 0.965625 0.5296875 0.0359375 0.0921875
7 0.75 0.66171875 0.0390625 0.0921875
20 0.759375 0.54296875 0.0359375 0.0703125
22 0.7 0.56953125 0.034375 0.0859375
8 0.75859375 0.41796875 0.028125 0.0734375
24 0.63515625 0.490625 0.034375 0.0828125
4 0.60546875 0.56015625 0.0390625 0.0859375
15 0.65859375 0.309375 0.03125 0.0703125
10 0.41796875 0.55546875 0.0375 0.0921875
23 0.459375 0.590625 0.034375 0.08125
1 0.60234375 0.43984375 0.028125 0.0796875
21 0.5296875 0.3984375 0.028125 0.075
3 0.41015625 0.39296875 0.0265625 0.0609375
6 0.48359375 0.43125 0.0296875 0.075
19 0.49375 0.3640625 0.028125 0.065625
26 0.034375 0.31484375 0.03125 0.090625