26 0.72890625 0.5015625 0.02421875 0.11640625
27 0.37421875 0.58671875 0.02421875 0.10078125
23 0.28671875 0.64765625 0.02734375 0.10234375
24 0.29140625 0.50234375 0.0203125 0.09453125
17 0.090625 0.57734375 0.0234375 0.11015625
20 0.19921875 0.38046875 0.01796875 0.0875
28 0.3375 0.2890625 0.009375 0.01484375
1 0.34765625 0.3484375 0.02421875 0.08125
16 0.63125 0.5578125 0.025 0.08125
7 0.66015625 0.6 0.01875 0.0921875
9 0.6453125 0.6328125 0.02421875 0.1
13 0.559375 0.44453125 0.0234375 0.0828125
8 0.671875 0.4703125 0.02265625 0.04921875
2 0.6828125 0.5203125 0.0203125 0.06015625
10 0.61171875 0.48828125 0.01640625 0.09296875