9 0.553125 0.83828125 0.0390625 0.1296875
7 0.22734375 0.63515625 0.025 0.121875
16 0.11953125 0.4328125 0.02265625 0.09296875
8 0.20859375 0.28671875 0.01796875 0.08046875
28 0.21953125 0.31875 0.009375 0.02109375
1 0.32265625 0.30859375 0.0203125 0.07109375
20 0.39921875 0.54765625 0.025 0.09296875
22 0.4296875 0.45390625 0.01875 0.0875
24 0.48203125 0.4109375 0.02265625 0.08359375
4 0.6 0.4875 0.02421875 0.1015625
27 0.7 0.64140625 0.0234375 0.11640625
17 0.96875 0.953125 0.0390625 0.08828125
23 0.9109375 0.590625 0.0234375 0.1015625
10 0.965625 0.56796875 0.0359375 0.10703125
21 0.58203125 0.34453125 0.01796875 0.08828125
6 0.621875 0.3421875 0.0234375 0.0859375
19 0.53359375 0.25703125 0.02109375 0.07265625
2 0.82890625 0.48046875 0.0234375 0.10078125
3 0.80078125 0.40703125 0.02421875 0.08828125