21 0.5890625 0.59765625 0.0453125 0.121875
24 0.54296875 0.475 0.0421875 0.1046875
11 0.1765625 0.4765625 0.0421875 0.121875
6 0.471875 0.40234375 0.040625 0.10625
10 0.353125 0.5109375 0.0453125 0.1234375
17 0.41796875 0.9515625 0.040625 0.0875
8 0.9265625 0.59375 0.034375 0.1109375
4 0.8671875 0.61875 0.0421875 0.13125
27 0.93203125 0.98984375 0.0359375 0.0203125
23 0.2234375 0.27734375 0.0296875 0.09375
3 0.25546875 0.24921875 0.0453125 0.1046875
1 0.0640625 0.45859375 0.0453125 0.1203125
13 0.02890625 0.6875 0.046875 0.1296875
28 0.3828125 0.21640625 0.009375 0.015625