24 0.2484375 0.571875 0.01640625 0.090625
26 0.64921875 0.33359375 0.02578125 0.08984375
17 0.78671875 0.70546875 0.02734375 0.1109375
24 0.953125 0.78125 0.03046875 0.11796875
7 0.10078125 0.7515625 0.03984375 0.12578125
10 0.55625 0.4859375 0.02265625 0.09296875
8 0.240625 0.5140625 0.02109375 0.03828125
16 0.034375 0.51015625 0.034375 0.096875
28 0.52265625 0.675 0.00859375 0.0171875
20 0.13125 0.6546875 0.01953125 0.11171875
13 0.75703125 0.634375 0.0234375 0.09453125
3 0.6453125 0.65625 0.0234375 0.1125
21 0.48515625 0.50078125 0.0234375 0.109375
23 0.31640625 0.4875 0.0203125 0.096875