22 0.54140625 0.57421875 0.03125 0.0875
23 0.86328125 0.50078125 0.0328125 0.0859375
8 0.56796875 0.56015625 0.025 0.090625
24 0.4765625 0.5609375 0.0265625 0.08125
17 0.46484375 0.65 0.03125 0.1
16 0.20078125 0.6046875 0.025 0.0921875
7 0.32890625 0.51875 0.0234375 0.0921875
27 0.52578125 0.5375 0.0234375 0.0953125
26 0.11953125 0.4234375 0.0296875 0.103125
3 0.29921875 0.52265625 0.0265625 0.1046875
13 0.38671875 0.59765625 0.0234375 0.0953125
9 0.21328125 0.5765625 0.03125 0.1015625
28 0.8140625 0.509375 0.009375 0.0125