28 0.39453125 0.44765625 0.00859375 0.01953125
9 0.52421875 0.84296875 0.02421875 0.11875
7 0.27734375 0.64375 0.02734375 0.11484375
16 0.15703125 0.40703125 0.01640625 0.08046875
20 0.42890625 0.4625 0.0234375 0.08828125
22 0.3796875 0.415625 0.02109375 0.07578125
27 0.6734375 0.59296875 0.02265625 0.10078125
4 0.57265625 0.459375 0.03046875 0.0875
23 0.85625 0.50703125 0.0203125 0.08828125
3 0.73125 0.3984375 0.021875 0.08359375
15 0.48828125 0.24765625 0.0234375 0.06484375
11 0.76875 0.478125 0.01796875 0.09140625
17 0.9890625 0.9296875 0.021875 0.13125
24 0.43046875 0.37890625 0.02109375 0.0703125
19 0.6125 0.303125 0.015625 0.07109375