28 0.46171875 0.8234375 0.0203125 0.034375
13 0.6765625 0.946875 0.053125 0.10625
17 0.49921875 0.96875 0.0421875 0.0625
27 0.22265625 0.759375 0.0578125 0.11875
21 0.40546875 0.56875 0.0453125 0.09375
8 0.01484375 0.53828125 0.0296875 0.1109375
4 0.17109375 0.57109375 0.04375 0.1046875
6 0.371875 0.4640625 0.0328125 0.090625
15 0.2 0.40078125 0.0453125 0.0921875
11 0.80625 0.5890625 0.0359375 0.0984375
23 0.62734375 0.32734375 0.03125 0.0640625
19 0.68984375 0.3703125 0.03125 0.071875
3 0.765625 0.54375 0.040625 0.1015625
24 0.45703125 0.4890625 0.0421875 0.0859375
2 0.821875 0.640625 0.0484375 0.096875