22 0.45390625 0.57109375 0.025 0.0859375
23 0.1375 0.47578125 0.0265625 0.084375
8 0.428125 0.55546875 0.01875 0.0890625
24 0.51875 0.5625 0.02109375 0.08046875
17 0.52421875 0.65234375 0.02421875 0.09921875
16 0.79140625 0.625 0.01796875 0.090625
7 0.66953125 0.53046875 0.0171875 0.090625
27 0.471875 0.5359375 0.01640625 0.09453125
26 0.88515625 0.45 0.021875 0.1015625
3 0.6984375 0.53671875 0.01953125 0.10390625
13 0.60625 0.60546875 0.0171875 0.09453125
9 0.78046875 0.59609375 0.025 0.10078125
28 0.1859375 0.4875 0.0078125 0.01171875