23 0.890625 0.4765625 0.021875 0.08125
28 0.840625 0.4890625 0.00625 0.0125
11 0.85703125 0.4265625 0.021875 0.08125
17 0.44453125 0.678125 0.025 0.1
8 0.47734375 0.51171875 0.0203125 0.0546875
27 0.51640625 0.5328125 0.0265625 0.090625
7 0.2953125 0.5203125 0.0125 0.078125
3 0.28359375 0.53671875 0.0125 0.090625
6 0.20859375 0.61328125 0.01875 0.090625
16 0.18046875 0.6453125 0.025 0.096875
22 0.50078125 0.46171875 0.01875 0.078125
24 0.48203125 0.57578125 0.0203125 0.0796875
9 0.98125 0.646875 0.025 0.096875
10 0.33984375 0.5046875 0.021875 0.096875
19 0.38984375 0.47734375 0.028125 0.0890625
4 0.22734375 0.6015625 0.01875 0.103125