28 0.5234375 0.278125 0.0109375 0.021875
26 0.16640625 0.67109375 0.0625 0.1234375
9 0.2328125 0.8265625 0.0453125 0.125
16 0.4296875 0.778125 0.053125 0.1328125
23 0.55546875 0.71796875 0.053125 0.128125
27 0.66484375 0.80625 0.053125 0.1375
6 0.48671875 0.62734375 0.05 0.1203125
4 0.4171875 0.571875 0.0453125 0.103125
7 0.3609375 0.70859375 0.0515625 0.1171875
24 0.77265625 0.52109375 0.0453125 0.103125
20 0.8359375 0.40625 0.046875 0.1
1 0.76796875 0.36875 0.0453125 0.09375
19 0.24453125 0.7703125 0.040625 0.103125
17 0.56640625 0.4203125 0.04375 0.0953125