7 0.140625 0.53984375 0.0234375 0.084375
9 0.3171875 0.70703125 0.02734375 0.1015625
20 0.31875 0.4453125 0.021875 0.08359375
16 0.346875 0.33984375 0.01640625 0.0609375
27 0.34140625 0.62890625 0.028125 0.096875
4 0.4625 0.5375 0.0265625 0.08359375
8 0.49609375 0.6015625 0.0203125 0.08984375
21 0.621875 0.55703125 0.02265625 0.0796875
1 0.46875 0.321875 0.015625 0.0625
15 0.4828125 0.215625 0.01484375 0.05859375
9 0.87265625 0.684375 0.01796875 0.096875
17 0.9125 0.8453125 0.02421875 0.10546875
10 0.7640625 0.5421875 0.01796875 0.08984375
6 0.60859375 0.3546875 0.02109375 0.07109375
19 0.67890625 0.28203125 0.015625 0.0609375
3 0.78203125 0.375 0.0171875 0.07578125
11 0.79453125 0.50390625 0.01171875 0.0765625
24 0.590625 0.415625 0.01796875 0.059375
5 0.60546875 0.97578125 0.02890625 0.04609375
12 0.3671875 0.97734375 0.025 0.0453125
12 0.8109375 0.46796875 0.02421875 0.0796875