26 0.134375 0.33125 0.01875 0.0734375
19 0.46015625 0.325 0.015625 0.0578125
27 0.25 0.81875 0.03125 0.10625
3 0.37109375 0.36953125 0.0203125 0.0703125
10 0.29765625 0.4828125 0.021875 0.0765625
2 0.28984375 0.4328125 0.0203125 0.046875
8 0.684375 0.51171875 0.0234375 0.0734375
24 0.6125 0.6046875 0.021875 0.08125
20 0.83671875 0.66015625 0.0234375 0.084375
4 0.346875 0.64921875 0.03125 0.0921875
6 0.47578125 0.4609375 0.025 0.078125
7 0.88359375 0.75625 0.0328125 0.0921875
16 0.90390625 0.525 0.0265625 0.0765625
17 0.371875 0.73828125 0.0265625 0.09375
15 0.80859375 0.38359375 0.0234375 0.0640625
1 0.58828125 0.4015625 0.0234375 0.071875