24 0.4921875 0.21640625 0.040625 0.0796875
24 0.42421875 0.578125 0.040625 0.0953125
4 0.40625 0.5140625 0.03125 0.046875
7 0.646875 0.4828125 0.046875 0.109375
27 0.6203125 0.82109375 0.0609375 0.1453125
17 0.1890625 0.9640625 0.0625 0.071875
21 0.28671875 0.609375 0.05625 0.1078125
6 0.28125 0.52265625 0.0453125 0.09375
8 0.43984375 0.5 0.046875 0.09375
23 0.03203125 0.4109375 0.0390625 0.078125
11 0.05859375 0.58125 0.0609375 0.1140625
22 0.33203125 0.45078125 0.046875 0.09375
1 0.1953125 0.3953125 0.0421875 0.0796875
16 0.55859375 0.37890625 0.0484375 0.096875
20 0.85234375 0.44921875 0.0546875 0.115625
28 0.30546875 0.2671875 0.0109375 0.0140625
10 0.16015625 0.6046875 0.05625 0.1078125
9 0.61796875 0.66796875 0.05625 0.1125