17 0.62265625 0.9140625 0.05625 0.1125
13 0.4890625 0.57109375 0.0421875 0.090625
26 0.3203125 0.30390625 0.05 0.0953125
27 0.88671875 0.65390625 0.0421875 0.1
28 0.5546875 0.21484375 0.0125 0.0265625
15 0.6421875 0.1546875 0.04375 0.075
11 0.575 0.43671875 0.040625 0.084375
10 0.59609375 0.3359375 0.0453125 0.0875
1 0.74609375 0.27421875 0.034375 0.0734375
23 0.6546875 0.3625 0.0453125 0.0859375
3 0.55078125 0.2765625 0.04375 0.084375
21 0.50625 0.3046875 0.040625 0.0796875
24 0.87578125 0.2953125 0.0328125 0.0703125