27 0.6140625 0.85390625 0.0234375 0.11796875
13 0.92578125 0.75546875 0.021875 0.10546875
10 0.8703125 0.6375 0.02578125 0.1109375
2 0.75703125 0.55625 0.01640625 0.09921875
3 0.6734375 0.484375 0.0203125 0.0953125
19 0.5765625 0.41171875 0.01640625 0.08984375
23 0.80625 0.66796875 0.02734375 0.10546875
11 0.640625 0.5359375 0.01796875 0.09765625
21 0.54140625 0.46171875 0.01796875 0.0875
28 0.43046875 0.2296875 0.0078125 0.01484375
4 0.546875 0.6453125 0.0296875 0.103125
6 0.4921875 0.53984375 0.025 0.0953125
15 0.378125 0.35546875 0.02265625 0.0765625
1 0.425 0.43203125 0.0171875 0.0859375
22 0.36640625 0.54375 0.0203125 0.0953125
8 0.33359375 0.734375 0.01953125 0.09765625
9 0.5296875 0.96171875 0.0296875 0.0765625
20 0.12265625 0.57109375 0.0203125 0.09765625
16 0.0328125 0.459375 0.0203125 0.09140625
24 0.2734375 0.53125 0.02265625 0.09140625
7 0.00703125 0.7234375 0.0140625 0.12421875