21 0.5984375 0.5875 0.0328125 0.11875
24 0.53984375 0.4703125 0.03125 0.1015625
11 0.17578125 0.51015625 0.03125 0.11875
6 0.46171875 0.40546875 0.03125 0.103125
10 0.35546875 0.5265625 0.034375 0.1203125
17 0.465625 0.9578125 0.03125 0.084375
8 0.934375 0.5484375 0.0234375 0.109375
4 0.87734375 0.5796875 0.028125 0.1296875
27 0.984375 0.96640625 0.028125 0.0671875
23 0.2015625 0.3078125 0.01875 0.09375
3 0.23046875 0.27578125 0.034375 0.103125
1 0.0625 0.5046875 0.0328125 0.1171875
13 0.05078125 0.7359375 0.034375 0.1265625
28 0.35390625 0.23046875 0.0078125 0.015625