28 0.72734375 0.484375 0.0140625 0.0203125
17 0.5296875 0.78359375 0.0515625 0.109375
27 0.5765625 0.871875 0.0546875 0.1203125
22 0.61640625 0.6140625 0.0453125 0.10625
8 0.75390625 0.4515625 0.0453125 0.0765625
15 0.66875 0.309375 0.0359375 0.071875
6 0.63984375 0.49453125 0.04375 0.084375
4 0.57265625 0.59921875 0.05 0.103125
11 0.465625 0.55078125 0.040625 0.084375
2 0.37890625 0.559375 0.04375 0.090625
19 0.509375 0.41171875 0.0359375 0.0671875
3 0.40390625 0.50078125 0.0390625 0.0859375
13 0.31171875 0.721875 0.046875 0.096875
21 0.3296875 0.68203125 0.040625 0.096875
9 0.35625 0.95078125 0.059375 0.0984375
9 0.115625 0.534375 0.040625 0.078125
9 0.7046875 0.59765625 0.0421875 0.09375