26 0.2765625 0.45 0.05 0.11875
27 0.603125 0.6125 0.046875 0.103125
23 0.67421875 0.6921875 0.05 0.10625
24 0.70234375 0.54921875 0.040625 0.096875
17 0.88125 0.6671875 0.046875 0.1125
20 0.8203125 0.4515625 0.0375 0.0890625
28 0.70546875 0.33125 0.0125 0.0171875
1 0.6828125 0.38671875 0.0421875 0.084375
16 0.359375 0.5265625 0.0421875 0.084375
7 0.32109375 0.56171875 0.0390625 0.09375
9 0.32890625 0.596875 0.0453125 0.103125
13 0.4546875 0.4328125 0.0421875 0.0859375
8 0.3390625 0.43203125 0.0328125 0.053125
2 0.3171875 0.47890625 0.0328125 0.0625
10 0.39375 0.46328125 0.0375 0.09375