9 0.11875 0.7734375 0.0328125 0.11875
27 0.08984375 0.7265625 0.0265625 0.125
16 0.0109375 0.403125 0.021875 0.090625
20 0.175 0.39375 0.021875 0.09375
8 0.20234375 0.396875 0.0234375 0.075
21 0.58203125 0.4921875 0.025 0.103125
4 0.35859375 0.46875 0.025 0.1046875
28 0.3171875 0.3734375 0.0109375 0.021875
22 0.3265625 0.33828125 0.01875 0.078125
15 0.440625 0.2734375 0.025 0.084375
10 0.69765625 0.4828125 0.0296875 0.1
24 0.446875 0.4109375 0.0203125 0.090625
3 0.81640625 0.4046875 0.0234375 0.10625
2 0.9125 0.47265625 0.0296875 0.1078125
11 0.94921875 0.440625 0.025 0.0984375
23 0.6046875 0.25546875 0.025 0.0703125
13 0.9609375 0.62578125 0.021875 0.1140625
17 0.98046875 0.69609375 0.028125 0.1265625