17 0.303125 0.8 0.0328125 0.11875
28 0.31953125 0.71328125 0.0140625 0.015625
22 0.603125 0.68203125 0.0296875 0.1140625
27 0.62421875 0.80234375 0.0265625 0.1109375
8 0.68125 0.83515625 0.0296875 0.1296875
7 0.9921875 0.734375 0.015625 0.125
1 0.784375 0.47890625 0.021875 0.0859375
1 0.52421875 0.38125 0.0234375 0.0875
11 0.67421875 0.4796875 0.025 0.0984375
19 0.734375 0.36015625 0.0234375 0.0796875
23 0.7796875 0.365625 0.015625 0.078125
3 0.61953125 0.4 0.021875 0.0828125
20 0.84609375 0.665625 0.0265625 0.1125
24 0.74296875 0.62265625 0.0296875 0.0984375
6 0.51484375 0.640625 0.025 0.1046875