7 0.77734375 0.60546875 0.0203125 0.1046875
16 0.809375 0.41640625 0.025 0.0796875
28 0.7859375 0.44140625 0.0078125 0.01875
20 0.68515625 0.5296875 0.0234375 0.09375
8 0.71640625 0.33046875 0.025 0.0703125
22 0.5828125 0.48125 0.021875 0.0875
9 0.4828125 0.75390625 0.025 0.10625
27 0.396875 0.6203125 0.0265625 0.109375
4 0.521875 0.4890625 0.021875 0.090625
1 0.55703125 0.36328125 0.01875 0.0796875
15 0.509375 0.23125 0.0171875 0.0640625
17 0.23671875 0.9015625 0.0265625 0.121875
13 0.0953125 0.75859375 0.0265625 0.1125
10 0.21171875 0.540625 0.0234375 0.096875
2 0.28203125 0.45390625 0.01875 0.0796875
19 0.41171875 0.31640625 0.0171875 0.06875
6 0.42265625 0.41171875 0.021875 0.078125
24 0.55546875 0.43984375 0.0203125 0.075
23 0.2640625 0.5515625 0.0203125 0.0859375
3 0.3078125 0.38515625 0.0203125 0.05
11 0.31015625 0.44921875 0.015625 0.075