19 0.7046875 0.4640625 0.0296875 0.12734375
19 0.33125 0.24765625 0.03125 0.08828125
15 0.1734375 0.60078125 0.0453125 0.14921875
12 0.971875 0.3203125 0.0265625 0.1
6 0.61328125 0.35234375 0.02890625 0.115625
13 0.35546875 0.40625 0.03125 0.11484375
1 0.14765625 0.44140625 0.03984375 0.11875
21 0.4046875 0.40703125 0.02578125 0.128125
8 0.38671875 0.325 0.02421875 0.09921875
17 0.56640625 0.34921875 0.021875 0.09453125
14 0.58203125 0.4 0.02734375 0.11328125
7 0.61875 0.4125 0.02421875 0.1078125