26 0.765625 0.36015625 0.01875 0.0265625
20 0.296875 0.6140625 0.0328125 0.11328125
19 0.48828125 0.465625 0.028125 0.090625
0 0.275 0.8796875 0.03359375 0.11484375
27 0.89296875 0.68359375 0.0234375 0.1328125
15 0.16953125 0.521875 0.034375 0.109375
1 0.24609375 0.41953125 0.03671875 0.1125
16 0.75234375 0.49765625 0.0296875 0.1015625
13 0.36796875 0.3265625 0.01875 0.07734375
7 0.534375 0.43359375 0.02109375 0.09296875
17 0.64921875 0.465625 0.028125 0.09453125
21 0.3859375 0.34296875 0.0265625 0.0796875
8 0.4765625 0.3078125 0.015625 0.07734375