0 0.67890625 0.93984375 0.04921875 0.10859375
20 0.49140625 0.77734375 0.04296875 0.13125
14 0.13984375 0.61171875 0.025 0.09765625
1 0.1078125 0.58125 0.0265625 0.1109375
18 0.01015625 0.7515625 0.01953125 0.125
17 0.71953125 0.621875 0.0328125 0.11171875
4 0.63046875 0.528125 0.01953125 0.09375
7 0.54453125 0.575 0.025 0.121875
24 0.7984375 0.54296875 0.03203125 0.09765625
16 0.890625 0.4703125 0.028125 0.09140625
6 0.4875 0.4546875 0.015625 0.0828125
19 0.4296875 0.5578125 0.0265625 0.1046875
8 0.38828125 0.37890625 0.02265625 0.08125
21 0.30546875 0.45859375 0.0234375 0.0859375
10 0.46640625 0.46015625 0.01953125 0.09296875
13 0.4453125 0.38359375 0.02265625 0.08359375