19 0.42421875 0.51328125 0.025 0.1109375
19 0.33359375 0.2609375 0.02890625 0.0765625
0 0.34609375 0.85390625 0.0421875 0.13203125
26 0.79765625 0.459375 0.01953125 0.0328125
6 0.48671875 0.36875 0.028125 0.0953125
7 0.3625 0.48515625 0.03203125 0.09609375
1 0.08125 0.5 0.02890625 0.1171875
18 0.2375 0.578125 0.01875 0.1140625
8 0.31328125 0.33984375 0.02421875 0.08515625
21 0.24296875 0.4 0.0234375 0.08828125
13 0.37734375 0.346875 0.01796875 0.078125
12 0.61953125 0.334375 0.0234375 0.08828125
16 0.7140625 0.5359375 0.028125 0.1078125
4 0.7875 0.4265625 0.01875 0.08828125
5 0.9484375 0.66328125 0.02421875 0.12421875