26 0.79765625 0.4421875 0.015625 0.03984375
19 0.31328125 0.52734375 0.0265625 0.10625
6 0.409375 0.37734375 0.02265625 0.08671875
15 0.03359375 0.603125 0.028125 0.1125
2 0.63125 0.475 0.03359375 0.11171875
5 0.8359375 0.39765625 0.0390625 0.09375
8 0.1828125 0.28125 0.02578125 0.07734375
21 0.1234375 0.40859375 0.03203125 0.1015625
1 0.05390625 0.48984375 0.02578125 0.1046875
4 0.3671875 0.5125 0.0296875 0.09140625
7 0.40625 0.54765625 0.0296875 0.11015625
17 0.69296875 0.49296875 0.03828125 0.10390625
11 0.9375 0.621875 0.03515625 0.12109375
0 0.63203125 0.9390625 0.04921875 0.11484375
20 0.52109375 0.74609375 0.03046875 0.128125
14 0.08984375 0.57265625 0.04296875 0.1109375
18 0.15703125 0.4390625 0.02265625 0.08515625