3 0.06640625 0.92578125 0.040625 0.1359375
19 0.4328125 0.9265625 0.03125 0.146875
26 0.80234375 0.41640625 0.01484375 0.03203125
19 0.53203125 0.47421875 0.02109375 0.08828125
18 0.190625 0.70859375 0.0265625 0.10859375
15 0.14765625 0.61484375 0.03203125 0.103125
1 0.25234375 0.4125 0.02578125 0.09375
21 0.29453125 0.34375 0.03046875 0.071875
8 0.328125 0.2609375 0.0203125 0.065625
12 0.79609375 0.2640625 0.02734375 0.06796875
0 0.57578125 0.803125 0.03125 0.13828125
7 0.41015625 0.49609375 0.028125 0.0921875
6 0.475 0.3609375 0.025 0.07734375
17 0.44765625 0.540625 0.03359375 0.0953125
2 0.61796875 0.4171875 0.0265625 0.09296875
4 0.5640625 0.40546875 0.02109375 0.07578125