26 0.75859375 0.40859375 0.0109375 0.0390625
20 0.61796875 0.7875 0.028125 0.12578125
0 0.7296875 0.925 0.03515625 0.14609375
19 0.5671875 0.3203125 0.02734375 0.0765625
1 0.33984375 0.55 0.03359375 0.1109375
14 0.55390625 0.54609375 0.034375 0.1171875
19 0.6890625 0.53515625 0.0234375 0.09453125
15 0.2671875 0.66796875 0.0328125 0.11640625
21 0.43515625 0.44453125 0.0296875 0.0890625
8 0.50546875 0.38828125 0.01953125 0.08828125
6 0.5515625 0.4046875 0.01953125 0.08515625
13 0.69609375 0.36796875 0.0265625 0.07734375