26 0.190625 0.4609375 0.0125 0.0234375
6 0.30625 0.48046875 0.01875 0.0953125
7 0.09140625 0.66875 0.03046875 0.1140625
27 0.23671875 0.6984375 0.02734375 0.115625
14 0.42578125 0.496875 0.01640625 0.10859375
17 0.72109375 0.77578125 0.02265625 0.115625
0 0.703125 0.63125 0.03203125 0.10546875
20 0.54453125 0.59453125 0.02265625 0.090625
4 0.6265625 0.54609375 0.0234375 0.0953125
19 0.57265625 0.5046875 0.02265625 0.10078125
25 0.665625 0.44609375 0.021875 0.09140625
21 0.71015625 0.440625 0.02734375 0.09453125
1 0.78984375 0.53046875 0.03203125 0.1140625
12 0.50234375 0.35859375 0.025 0.06796875
10 0.53046875 0.50234375 0.0203125 0.09140625