22 0.81796875 0.48671875 0.0375 0.10234375
25 0.3953125 0.53515625 0.0375 0.10546875
1 0.36015625 0.50625 0.0234375 0.07109375
12 0.46875 0.46640625 0.02578125 0.08828125
21 0.44140625 0.46640625 0.025 0.09921875
5 0.51796875 0.52421875 0.03046875 0.103125
0 0.47890625 0.58828125 0.028125 0.10859375
10 0.4390625 0.55234375 0.01953125 0.1
18 0.51015625 0.64453125 0.02265625 0.12421875
4 0.28203125 0.6203125 0.02734375 0.1109375
6 0.17734375 0.70078125 0.0234375 0.13671875
14 0.1890625 0.54765625 0.0328125 0.1203125
17 0.13203125 0.54140625 0.04453125 0.09375
19 0.0109375 0.5015625 0.021875 0.08515625
24 0.1609375 0.434375 0.0296875 0.09765625