0 0.53359375 0.79296875 0.05078125 0.12109375
26 0.75234375 0.56484375 0.01484375 0.03203125
18 0.55390625 0.53984375 0.02890625 0.11640625
1 0.32421875 0.46953125 0.02421875 0.0796875
19 0.6578125 0.27109375 0.025 0.0765625
19 0.77734375 0.52890625 0.025 0.0484375
13 0.7484375 0.39921875 0.02109375 0.0828125
8 0.73828125 0.41953125 0.03203125 0.08671875
20 0.81328125 0.4390625 0.02109375 0.0921875
6 0.69453125 0.35078125 0.02109375 0.09453125
21 0.5734375 0.44453125 0.02890625 0.096875
14 0.40078125 0.50078125 0.01875 0.103125