17 0.95703125 0.659375 0.03828125 0.14609375
4 0.88828125 0.534375 0.025 0.109375
6 0.51484375 0.521875 0.025 0.11484375
10 0.484375 0.521875 0.02421875 0.1109375
14 0.6171875 0.48828125 0.02578125 0.13125
13 0.47265625 0.36328125 0.02109375 0.1109375
8 0.38828125 0.36796875 0.0296875 0.09375
21 0.2171875 0.459375 0.03828125 0.115625
18 0.128125 0.58671875 0.0421875 0.13359375
1 0.09453125 0.56796875 0.03125 0.134375
19 0.525 0.6296875 0.03828125 0.13671875
26 0.57734375 0.27421875 0.02109375 0.0296875