26 0.69453125 0.4109375 0.009375 0.0203125
12 0.7140625 0.38046875 0.03203125 0.078125
19 0.4265625 0.640625 0.0328125 0.09609375
0 0.215625 0.8265625 0.03125 0.1265625
20 0.24140625 0.696875 0.0265625 0.11484375
15 0.1953125 0.571875 0.03046875 0.09140625
2 0.575 0.65859375 0.0359375 0.11328125
4 0.70703125 0.628125 0.025 0.10703125
16 0.77265625 0.5921875 0.0359375 0.10859375
7 0.55859375 0.5296875 0.02890625 0.10234375
6 0.5265625 0.4796875 0.02421875 0.10703125
8 0.48125 0.3546875 0.03125 0.08671875
21 0.31015625 0.44140625 0.02265625 0.09765625