27 0.5890625 0.75234375 0.0296875 0.11875
17 0.65625 0.54140625 0.0359375 0.103125
20 0.85625 0.421875 0.025 0.09375
22 0.696875 0.33046875 0.01875 0.0671875
24 0.6203125 0.44140625 0.0265625 0.0828125
23 0.3390625 0.60234375 0.0265625 0.1015625
8 0.2578125 0.4859375 0.0265625 0.09375
10 0.296875 0.44765625 0.025 0.0953125
13 0.1578125 0.5640625 0.03125 0.0953125
4 0.3953125 0.3953125 0.0265625 0.0890625
16 0.01171875 0.6578125 0.0234375 0.109375
19 0.065625 0.62265625 0.0296875 0.1015625
11 0.19453125 0.475 0.0203125 0.0890625
6 0.2828125 0.53671875 0.0265625 0.10625
7 0.09296875 0.58203125 0.0234375 0.1
9 0.11015625 0.54453125 0.015625 0.059375
2 0.07421875 0.534375 0.028125 0.0921875
1 0.48828125 0.34296875 0.0234375 0.0796875