28 0.66015625 0.28515625 0.0078125 0.015625
22 0.79921875 0.3796875 0.028125 0.103125
24 0.70546875 0.43515625 0.025 0.103125
21 0.53203125 0.51953125 0.025 0.11875
6 0.61640625 0.328125 0.0265625 0.1046875
15 0.7125 0.2734375 0.03125 0.1046875
23 0.5875 0.2625 0.028125 0.08125
19 0.66875 0.26484375 0.0375 0.0796875
10 0.365625 0.47890625 0.0234375 0.125
1 0.46328125 0.38828125 0.034375 0.1015625
3 0.26015625 0.37578125 0.025 0.125
17 0.10703125 0.69453125 0.0265625 0.1421875
2 0.13984375 0.45859375 0.03125 0.1046875
13 0.1265625 0.6078125 0.021875 0.1125
11 0.10703125 0.4265625 0.0234375 0.1234375