9 0.09765625 0.78671875 0.03125 0.1125
16 0.07578125 0.4265625 0.0203125 0.07578125
8 0.234375 0.53515625 0.0140625 0.0859375
15 0.18203125 0.35859375 0.01953125 0.06640625
17 0.696875 0.56875 0.02109375 0.084375
13 0.90078125 0.64296875 0.025 0.09296875
10 0.659375 0.47890625 0.0234375 0.08203125
23 0.59765625 0.4796875 0.01875 0.0703125
2 0.9140625 0.48671875 0.021875 0.09296875
4 0.43828125 0.61640625 0.01640625 0.09765625
3 0.9875 0.371875 0.0125 0.0765625
22 0.63515625 0.3703125 0.02421875 0.05859375
1 0.22578125 0.340625 0.01328125 0.0671875