28 0.43125 0.2875 0.00703125 0.02109375
26 0.86171875 0.59765625 0.0390625 0.11796875
9 0.82890625 0.7640625 0.0203125 0.1234375
16 0.6265625 0.7578125 0.02734375 0.1296875
23 0.49140625 0.725 0.028125 0.12421875
27 0.40234375 0.83359375 0.02578125 0.13515625
6 0.53984375 0.621875 0.02578125 0.11796875
4 0.59609375 0.553125 0.02421875 0.10078125
7 0.6796875 0.675 0.028125 0.1140625
24 0.2375 0.57734375 0.02421875 0.10078125
20 0.1515625 0.478125 0.0265625 0.096875
1 0.2109375 0.42734375 0.02734375 0.090625
19 0.80625 0.7109375 0.01953125 0.10078125
17 0.41875 0.4359375 0.025 0.0921875