21 0.5359375 0.68984375 0.04375 0.096875
27 0.26640625 0.8234375 0.0328125 0.1109375
9 0.23125 0.85546875 0.053125 0.1203125
24 0.16640625 0.6796875 0.0375 0.1078125
24 0.08046875 0.49609375 0.0375 0.090625
8 0.02109375 0.61328125 0.034375 0.1015625
22 0.2515625 0.696875 0.0375 0.1078125
28 0.484375 0.5765625 0.01875 0.0265625
4 0.37109375 0.62890625 0.0359375 0.1140625
15 0.1765625 0.43046875 0.040625 0.0875
26 0.68125 0.43984375 0.046875 0.09375
6 0.41171875 0.56875 0.04375 0.09375
13 0.57734375 0.56484375 0.0421875 0.084375