17 0.66875 0.72890625 0.02265625 0.09375
23 0.70234375 0.56875 0.01875 0.08125
24 0.53359375 0.47109375 0.02265625 0.07421875
4 0.50546875 0.4953125 0.01875 0.06796875
27 0.2390625 0.57109375 0.0234375 0.08671875
20 0.328125 0.478125 0.0203125 0.065625
24 0.196875 0.32109375 0.0203125 0.06953125
7 0.12578125 0.534375 0.0171875 0.08984375
9 0.09375 0.696875 0.02421875 0.0859375
28 0.253125 0.428125 0.00546875 0.0109375
3 0.74375 0.434375 0.01796875 0.065625
10 0.73046875 0.5203125 0.0203125 0.07265625