23 0.109375 0.4765625 0.02265625 0.08203125
28 0.159375 0.4890625 0.00703125 0.01328125
11 0.14296875 0.4265625 0.02265625 0.08125
17 0.55546875 0.678125 0.02421875 0.1
8 0.52265625 0.51171875 0.0203125 0.0546875
27 0.48359375 0.5328125 0.0265625 0.090625
7 0.7046875 0.5203125 0.01328125 0.07734375
3 0.71640625 0.53671875 0.0125 0.090625
6 0.79140625 0.61328125 0.01875 0.090625
16 0.81953125 0.6453125 0.02421875 0.096875
22 0.49921875 0.46171875 0.01796875 0.07734375
24 0.51796875 0.57578125 0.0203125 0.0796875
9 0.01875 0.646875 0.025 0.096875
10 0.66015625 0.5046875 0.02265625 0.096875
19 0.61015625 0.47734375 0.02734375 0.0890625
4 0.77265625 0.6015625 0.01953125 0.10234375