27 0.309375 0.81953125 0.05 0.1203125
13 0.02734375 0.653125 0.0453125 0.1078125
10 0.10859375 0.55078125 0.05 0.1140625
2 0.23671875 0.496875 0.0390625 0.1
3 0.334375 0.44609375 0.040625 0.096875
19 0.4453125 0.396875 0.0359375 0.090625
23 0.1640625 0.59453125 0.05 0.109375
11 0.3546875 0.503125 0.0390625 0.0984375
21 0.46796875 0.453125 0.0375 0.0890625
28 0.62890625 0.25234375 0.0109375 0.015625
4 0.421875 0.63125 0.0515625 0.1078125
6 0.4984375 0.540625 0.0453125 0.0984375
15 0.6515625 0.38671875 0.0390625 0.0796875
1 0.58828125 0.45078125 0.0359375 0.0875
22 0.6203125 0.57265625 0.040625 0.096875
8 0.609375 0.765625 0.040625 0.1
9 0.3671875 0.94296875 0.046875 0.08125
20 0.8515625 0.65390625 0.0421875 0.1
16 0.9640625 0.565625 0.040625 0.09375
24 0.7140625 0.58125 0.0421875 0.09375
7 0.9296875 0.82890625 0.0421875 0.1234375