17 0.859375 0.85625 0.025 0.11484375
9 0.5234375 0.89140625 0.0234375 0.12421875
27 0.51484375 0.7640625 0.01953125 0.1046875
23 0.66640625 0.7046875 0.02421875 0.09140625
7 0.0625 0.6625 0.01796875 0.10078125
8 0.28125 0.67421875 0.02109375 0.09765625
16 0.01328125 0.43125 0.01640625 0.08984375
20 0.1546875 0.48046875 0.01953125 0.07578125
15 0.2765625 0.32890625 0.021875 0.0703125
24 0.34296875 0.5375 0.0171875 0.08359375
13 0.80078125 0.7109375 0.021875 0.09375
10 0.725 0.61171875 0.02109375 0.1046875
4 0.48984375 0.57734375 0.01875 0.08828125
1 0.4109375 0.434375 0.01875 0.078125
21 0.48359375 0.42890625 0.021875 0.06875
11 0.52265625 0.49765625 0.02265625 0.08359375
3 0.590625 0.44296875 0.0171875 0.084375
19 0.53125 0.4 0.015625 0.07578125
26 0.990625 0.39765625 0.015625 0.08359375
2 0.56875 0.5109375 0.01875 0.08203125