28 0.20625 0.61328125 0.0109375 0.025
7 0.1765625 0.6078125 0.028125 0.084375
23 0.55625 0.85546875 0.0296875 0.096875
17 0.85078125 0.790625 0.025 0.1015625
22 0.26015625 0.48828125 0.015625 0.0796875
27 0.578125 0.73125 0.0203125 0.1
4 0.51015625 0.6 0.0171875 0.1046875
10 0.68125 0.58203125 0.015625 0.0875
13 0.8375 0.7 0.01875 0.0875
2 0.7265625 0.46640625 0.015625 0.0875
24 0.41328125 0.471875 0.0140625 0.071875
16 0.15 0.36015625 0.015625 0.065625
15 0.221875 0.303125 0.015625 0.0765625
20 0.321875 0.35546875 0.01875 0.0703125
1 0.4609375 0.35390625 0.0125 0.0671875
9 0.690625 0.76484375 0.025 0.109375
19 0.5953125 0.3296875 0.0125 0.065625
26 0.97734375 0.33203125 0.015625 0.08125