9 0.821875 0.79140625 0.03125 0.11875
27 0.49453125 0.73125 0.021875 0.0953125
20 0.753125 0.5171875 0.015625 0.084375
8 0.88203125 0.36640625 0.021875 0.071875
28 0.68203125 0.29765625 0.00625 0.0109375
24 0.57421875 0.3921875 0.01875 0.06875
4 0.4640625 0.41953125 0.0234375 0.0796875
19 0.5640625 0.271875 0.0125 0.0609375
22 0.55234375 0.3515625 0.0125 0.04375
15 0.60234375 0.265625 0.021875 0.06875
13 0.13125 0.66953125 0.015625 0.10625
10 0.30078125 0.43046875 0.0125 0.084375
21 0.346875 0.43203125 0.015625 0.075
23 0.36875 0.37890625 0.015625 0.0796875
3 0.353125 0.359375 0.015625 0.078125