27 0.66875 0.765625 0.0390625 0.121875
8 0.8703125 0.75859375 0.05625 0.121875
28 0.7953125 0.559375 0.0109375 0.0203125
23 0.5125 0.66484375 0.0296875 0.1078125
6 0.590625 0.540625 0.0328125 0.0875
24 0.646875 0.4765625 0.0296875 0.090625
1 0.678125 0.37734375 0.0296875 0.090625
20 0.76953125 0.48046875 0.0265625 0.1
22 0.90859375 0.4078125 0.034375 0.084375
16 0.23984375 0.72265625 0.034375 0.1125
2 0.215625 0.59765625 0.034375 0.1046875
17 0.38984375 0.45078125 0.028125 0.078125
11 0.18515625 0.5828125 0.03125 0.1109375
21 0.6078125 0.36015625 0.025 0.0828125