9 0.41171875 0.83125 0.053125 0.1328125
7 0.75703125 0.66328125 0.0375 0.1234375
16 0.88515625 0.47265625 0.0328125 0.0953125
8 0.81171875 0.31796875 0.0265625 0.08125
28 0.79765625 0.34921875 0.0109375 0.021875
1 0.69609375 0.328125 0.028125 0.0734375
20 0.5953125 0.5578125 0.034375 0.0953125
22 0.575 0.46171875 0.028125 0.0890625
24 0.52734375 0.41328125 0.03125 0.0859375
4 0.4015625 0.47734375 0.034375 0.103125
27 0.2859375 0.61953125 0.0359375 0.11875
17 0.00546875 0.90078125 0.0109375 0.0921875
23 0.08203125 0.546875 0.034375 0.103125
10 0.0296875 0.51875 0.046875 0.1109375
21 0.434375 0.33671875 0.0265625 0.0890625
6 0.3953125 0.33046875 0.0328125 0.0875
19 0.4921875 0.2546875 0.028125 0.075
2 0.175 0.44609375 0.034375 0.103125
3 0.2109375 0.37578125 0.0328125 0.090625