17 0.51171875 0.890625 0.0359375 0.1171875
9 0.7375 0.6875 0.0296875 0.0890625
27 0.521875 0.64375 0.03125 0.09375
13 0.2359375 0.59609375 0.0203125 0.08125
7 0.84375 0.4828125 0.0203125 0.0796875
20 0.68515625 0.446875 0.01875 0.071875
8 0.71953125 0.36484375 0.021875 0.071875
6 0.64296875 0.3546875 0.021875 0.065625
28 0.61875 0.27890625 0.0078125 0.0109375
1 0.546875 0.29765625 0.0171875 0.0546875
15 0.52578125 0.21484375 0.0140625 0.059375
4 0.49140625 0.38046875 0.015625 0.0765625
22 0.5171875 0.365625 0.015625 0.0671875
23 0.47734375 0.3171875 0.0140625 0.059375
3 0.440625 0.31796875 0.021875 0.0703125
19 0.45 0.2671875 0.0171875 0.05
2 0.34765625 0.40859375 0.0203125 0.0703125
11 0.36796875 0.42578125 0.025 0.065625
21 0.32890625 0.3515625 0.0109375 0.0421875