28 0.5171875 0.7421875 0.0140625 0.021875
9 0.38671875 0.83359375 0.0390625 0.1125
23 0.121875 0.69921875 0.0296875 0.0921875
13 0.18359375 0.628125 0.0296875 0.08125
27 0.3390625 0.68984375 0.0265625 0.0984375
8 0.534375 0.7140625 0.0328125 0.0953125
4 0.53203125 0.6078125 0.0359375 0.0921875
22 0.6234375 0.58671875 0.0265625 0.0828125
7 0.91328125 0.6625 0.0375 0.0953125
16 0.93515625 0.4734375 0.0234375 0.071875
1 0.678125 0.4484375 0.025 0.0734375
24 0.603125 0.49375 0.021875 0.075
6 0.49140625 0.46015625 0.0296875 0.0765625
15 0.678125 0.30703125 0.021875 0.0578125
26 0.16171875 0.34375 0.0296875 0.0765625
2 0.3609375 0.42578125 0.0265625 0.0703125
3 0.4296875 0.37734375 0.0234375 0.0734375
21 0.28515625 0.56953125 0.0265625 0.0859375
11 0.409375 0.41953125 0.025 0.071875
23 0.5125 0.3734375 0.01875 0.0703125
19 0.4984375 0.371875 0.01875 0.0640625