10 0.8828125 0.75390625 0.025 0.0953125
2 0.92109375 0.61015625 0.0203125 0.09296875
3 0.86015625 0.45078125 0.0171875 0.06875
19 0.59921875 0.3203125 0.0109375 0.05
4 0.60859375 0.66953125 0.03203125 0.0796875
13 0.65625 0.81796875 0.02265625 0.0859375
17 0.59375 0.79921875 0.0203125 0.1015625
11 0.80703125 0.5828125 0.02421875 0.07578125
6 0.5453125 0.44375 0.01640625 0.0703125
23 0.5203125 0.4359375 0.0171875 0.0671875
8 0.5453125 0.65078125 0.02734375 0.08203125
22 0.3625 0.58203125 0.0203125 0.07421875
24 0.296875 0.59921875 0.015625 0.0765625
24 0.340625 0.81640625 0.0203125 0.09921875
1 0.27109375 0.2796875 0.01484375 0.0625
15 0.153125 0.403125 0.0265625 0.059375
7 0.15390625 0.6953125 0.0296875 0.078125
16 0.14921875 0.59375 0.02890625 0.07109375
20 0.1203125 0.65234375 0.0234375 0.07109375
9 0.3109375 0.81328125 0.02578125 0.09296875