28 0.4875 0.27109375 0.0109375 0.015625
1 0.4640625 0.26328125 0.0453125 0.090625
24 0.6453125 0.15703125 0.046875 0.1046875
16 0.7453125 0.34375 0.0578125 0.128125
27 0.9890625 0.52890625 0.021875 0.1453125
4 0.6625 0.51484375 0.059375 0.1453125
21 0.40703125 0.61015625 0.0546875 0.1421875
23 0.37890625 0.81484375 0.0640625 0.15625
10 0.1515625 0.73046875 0.0609375 0.1515625
6 0.153125 0.50546875 0.0546875 0.125
24 0.1828125 0.51015625 0.0515625 0.125
19 0.27421875 0.328125 0.0515625 0.109375
22 0.315625 0.390625 0.065625 0.13125
8 0.34296875 0.3046875 0.0609375 0.1125