28 0.6671875 0.290625 0.0078125 0.015625
22 0.803125 0.38984375 0.03125 0.1046875
24 0.7078125 0.4421875 0.028125 0.1046875
21 0.53125 0.5203125 0.028125 0.1203125
6 0.621875 0.33203125 0.0296875 0.10625
15 0.7203125 0.28046875 0.034375 0.10625
23 0.59609375 0.265625 0.03125 0.08125
19 0.67734375 0.2703125 0.040625 0.08125
10 0.36640625 0.47421875 0.028125 0.125
1 0.4671875 0.3875 0.0375 0.103125
3 0.2640625 0.3671875 0.0296875 0.125
17 0.1 0.68125 0.03125 0.1421875
2 0.14140625 0.44609375 0.034375 0.10625
13 0.12265625 0.59453125 0.025 0.1140625
11 0.109375 0.41328125 0.028125 0.1234375