28 0.203125 0.428125 0.015625 0.021875
7 0.1546875 0.54453125 0.0359375 0.09375
9 0.3859375 0.85859375 0.05 0.121875
20 0.415625 0.4734375 0.0359375 0.0890625
27 0.83671875 0.628125 0.046875 0.0921875
8 0.5515625 0.3984375 0.034375 0.0875
4 0.6171875 0.40625 0.034375 0.0828125
16 0.5078125 0.2453125 0.03125 0.0734375
1 0.5515625 0.2859375 0.0296875 0.075
24 0.94609375 0.3546875 0.0328125 0.075
25 0.22109375 0.3875 0.0359375 0.0828125
24 0.56640625 0.15 0.025 0.06875
22 0.68203125 0.2265625 0.025 0.0640625