27 0.696875 0.7234375 0.02421875 0.08125
28 0.66953125 0.73828125 0.01328125 0.01796875
7 0.4671875 0.53203125 0.0265625 0.0640625
20 0.44296875 0.46640625 0.02578125 0.06328125
16 0.428125 0.3625 0.025 0.0578125
15 0.4046875 0.26015625 0.01953125 0.0640625
1 0.53515625 0.31640625 0.0234375 0.06640625
22 0.6796875 0.40546875 0.025 0.0640625
4 0.88359375 0.509375 0.0203125 0.07265625
8 0.6640625 0.64296875 0.03359375 0.075
6 0.865625 0.3625 0.021875 0.07109375
23 0.73828125 0.15078125 0.015625 0.05