22 0.46328125 0.5765625 0.0359375 0.0890625
23 0.1375 0.5203125 0.0359375 0.0875
8 0.43515625 0.5640625 0.0296875 0.090625
24 0.5265625 0.559375 0.03125 0.0828125
17 0.54296875 0.6484375 0.0359375 0.1015625
16 0.8046875 0.58828125 0.028125 0.0921875
7 0.671875 0.509375 0.028125 0.0921875
27 0.4765625 0.5390625 0.028125 0.0953125
26 0.8765625 0.403125 0.034375 0.103125
3 0.7015625 0.5125 0.0328125 0.10625
13 0.61796875 0.59140625 0.028125 0.0953125
9 0.78984375 0.5609375 0.0375 0.103125
28 0.18671875 0.52578125 0.009375 0.0125