25 0.34921875 0.54453125 0.034375 0.11875
28 0.62265625 0.671875 0.028125 0.0421875
27 0.58125 0.85 0.046875 0.1265625
9 0.6453125 0.790625 0.0375 0.125
4 0.68515625 0.7625 0.0359375 0.1203125
7 0.70625 0.76328125 0.0421875 0.121875
20 0.74609375 0.68203125 0.034375 0.1140625
21 0.92578125 0.83984375 0.0375 0.1265625
8 0.9671875 0.8125 0.0328125 0.13125
16 0.89609375 0.60234375 0.028125 0.10625
24 0.80546875 0.62734375 0.046875 0.109375
15 0.94375 0.55703125 0.0328125 0.0640625
6 0.87890625 0.928125 0.0453125 0.128125