17 0.74140625 0.80078125 0.0234375 0.11015625
28 0.653125 0.63125 0.01171875 0.028125
13 0.771875 0.6328125 0.0234375 0.08828125
9 0.859375 0.81171875 0.021875 0.10703125
24 0.8828125 0.790625 0.0234375 0.12578125
20 0.1359375 0.665625 0.02265625 0.09140625
3 0.51875 0.36015625 0.01875 0.07265625
19 0.38359375 0.35546875 0.01875 0.06875
1 0.3359375 0.415625 0.01953125 0.07109375
15 0.13046875 0.3828125 0.015625 0.09140625
23 0.315625 0.51875 0.0171875 0.08203125
27 0.58671875 0.6875 0.01796875 0.10078125
26 0.628125 0.371875 0.0203125 0.084375
6 0.35859375 0.48671875 0.0234375 0.08203125
10 0.5203125 0.5171875 0.025 0.0875
8 0.34453125 0.62890625 0.01640625 0.08828125
11 0.47734375 0.45625 0.01640625 0.07421875