9 0.7125 0.88515625 0.03125 0.1140625
27 0.67265625 0.86328125 0.03125 0.125
24 0.81875 0.49609375 0.0265625 0.0796875
8 0.89140625 0.51015625 0.0265625 0.0875
1 0.7828125 0.415625 0.028125 0.08125
15 0.71796875 0.39296875 0.0328125 0.090625
4 0.628125 0.55546875 0.0375 0.0984375
22 0.70390625 0.565625 0.021875 0.0859375
28 0.47421875 0.6484375 0.009375 0.021875
17 0.4953125 0.6265625 0.0265625 0.0859375
19 0.60703125 0.42109375 0.021875 0.0703125
23 0.53671875 0.51015625 0.0234375 0.0859375
11 0.48203125 0.5015625 0.0265625 0.0921875
3 0.45625 0.4765625 0.0203125 0.059375
26 0.16015625 0.4734375 0.03125 0.0859375