17 0.6046875 0.85859375 0.0359375 0.1203125
13 0.746875 0.79140625 0.034375 0.10625
9 0.28828125 0.75546875 0.0296875 0.1078125
28 0.2671875 0.53828125 0.0109375 0.015625
16 0.04609375 0.39296875 0.028125 0.090625
7 0.21328125 0.58125 0.03125 0.0921875
20 0.23984375 0.465625 0.03125 0.06875
22 0.28828125 0.50859375 0.0265625 0.0859375
8 0.2765625 0.34609375 0.0234375 0.071875
24 0.37421875 0.4515625 0.0265625 0.08125
4 0.38203125 0.5265625 0.0328125 0.0859375
15 0.40390625 0.271875 0.0265625 0.0703125
10 0.56171875 0.57734375 0.0296875 0.0921875
23 0.5125 0.5984375 0.0265625 0.08125
1 0.41953125 0.4125 0.021875 0.0796875
21 0.5015625 0.39375 0.021875 0.075
3 0.6171875 0.4234375 0.0203125 0.0609375
6 0.53515625 0.4390625 0.0234375 0.0734375
19 0.5453125 0.371875 0.0234375 0.0640625
26 0.99375 0.459375 0.0125 0.090625