24 0.503125 0.21640625 0.0390625 0.0796875
24 0.57734375 0.57734375 0.0390625 0.0953125
4 0.59375 0.5125 0.0296875 0.046875
7 0.353125 0.48515625 0.0453125 0.109375
27 0.38515625 0.82265625 0.059375 0.1453125
17 0.81953125 0.9609375 0.0609375 0.078125
21 0.715625 0.60546875 0.0546875 0.1078125
6 0.71875 0.51875 0.04375 0.09375
8 0.56015625 0.49921875 0.0453125 0.09375
23 0.96640625 0.40234375 0.0390625 0.078125
11 0.94296875 0.5734375 0.059375 0.1125
22 0.6671875 0.44765625 0.0453125 0.0921875
1 0.803125 0.390625 0.0421875 0.078125
16 0.4390625 0.3796875 0.046875 0.096875
20 0.146875 0.45546875 0.0515625 0.115625
28 0.690625 0.2640625 0.0109375 0.0140625
10 0.84140625 0.59921875 0.0546875 0.1078125
9 0.384375 0.6703125 0.0546875 0.1125