27 0.775 0.95546875 0.03125 0.0890625
4 0.80390625 0.74140625 0.0296875 0.1125
10 0.6078125 0.71875 0.0359375 0.0875
28 0.61796875 0.70078125 0.00625 0.015625
24 0.771875 0.6046875 0.0171875 0.090625
21 0.609375 0.54921875 0.0203125 0.090625
22 0.93515625 0.55390625 0.0328125 0.08125
13 0.42265625 0.75859375 0.03125 0.10625
9 0.25 0.8421875 0.03125 0.1234375
23 0.6328125 0.34921875 0.0171875 0.084375
19 0.5421875 0.39765625 0.021875 0.078125
3 0.44609375 0.4875 0.0265625 0.090625
11 0.41953125 0.50703125 0.015625 0.0671875
26 0.084375 0.38125 0.028125 0.0953125