17 0.846875 0.86875 0.0296875 0.115625
9 0.509375 0.8921875 0.028125 0.125
27 0.50546875 0.7640625 0.0234375 0.1046875
23 0.659375 0.71015625 0.028125 0.0921875
7 0.05703125 0.646875 0.021875 0.1015625
8 0.275 0.66640625 0.025 0.0984375
16 0.015625 0.4140625 0.0203125 0.090625
20 0.15546875 0.46875 0.021875 0.0765625
15 0.2828125 0.32109375 0.025 0.0703125
24 0.34140625 0.53203125 0.0203125 0.084375
13 0.79296875 0.72109375 0.025 0.09375
10 0.72109375 0.61953125 0.025 0.1046875
4 0.4875 0.5765625 0.021875 0.0890625
1 0.41328125 0.43125 0.021875 0.078125
21 0.4859375 0.428125 0.025 0.06875
11 0.52265625 0.4984375 0.025 0.084375
3 0.5921875 0.44609375 0.0203125 0.084375
19 0.534375 0.40078125 0.01875 0.0765625
26 0.9921875 0.4140625 0.015625 0.084375
2 0.56796875 0.51328125 0.021875 0.0828125