23 0.10859375 0.50390625 0.028125 0.0828125
28 0.159375 0.5125 0.0078125 0.0140625
11 0.1390625 0.4515625 0.028125 0.0828125
17 0.56796875 0.6734375 0.03125 0.1015625
8 0.5234375 0.51015625 0.0234375 0.05625
27 0.4859375 0.53359375 0.0328125 0.0921875
7 0.70546875 0.50625 0.01875 0.078125
3 0.71875 0.521875 0.01875 0.090625
6 0.7984375 0.59296875 0.025 0.0921875
16 0.82890625 0.62265625 0.03125 0.0984375
22 0.496875 0.46171875 0.0234375 0.078125
24 0.5234375 0.57421875 0.0265625 0.08125
9 0.03046875 0.68046875 0.03125 0.0984375
10 0.66015625 0.49375 0.0296875 0.0984375
19 0.60859375 0.46953125 0.0328125 0.090625
4 0.77890625 0.58203125 0.0265625 0.103125