13 0.3515625 0.92890625 0.03203125 0.12578125
17 0.57734375 0.684375 0.0390625 0.11484375
2 0.96328125 0.6015625 0.03359375 0.1109375
10 0.4609375 0.4125 0.01875 0.06875
28 0.453125 0.34609375 0.0125 0.01484375
15 0.4921875 0.2703125 0.028125 0.0625
9 0.16953125 0.63203125 0.028125 0.10078125
7 0.1109375 0.48046875 0.02421875 0.1046875
20 0.06953125 0.3828125 0.01875 0.08828125
16 0.125 0.3421875 0.0171875 0.08359375
22 0.33515625 0.36796875 0.0234375 0.0796875
4 0.16875 0.41640625 0.0234375 0.09765625
3 0.753125 0.3890625 0.01015625 0.0765625
21 0.44296875 0.47421875 0.0171875 0.096875
27 0.14453125 0.6109375 0.02265625 0.10859375
24 0.22890625 0.4171875 0.01484375 0.05390625