17 0.475 0.88984375 0.03203125 0.115625
9 0.25625 0.67890625 0.02734375 0.0875
27 0.4734375 0.64296875 0.02734375 0.0921875
13 0.76015625 0.60546875 0.0171875 0.08125
7 0.15703125 0.47109375 0.0171875 0.07890625
20 0.3171875 0.440625 0.015625 0.07109375
8 0.28515625 0.35703125 0.01875 0.071875
6 0.3625 0.35 0.0203125 0.065625
28 0.3890625 0.275 0.00703125 0.01015625
1 0.46015625 0.29609375 0.015625 0.05390625
15 0.484375 0.2140625 0.01171875 0.05859375
4 0.5125 0.38046875 0.01328125 0.07578125
22 0.4875 0.36484375 0.01328125 0.0671875
23 0.52890625 0.31796875 0.0125 0.05859375
3 0.565625 0.3203125 0.01875 0.06953125
19 0.5578125 0.26875 0.015625 0.05
2 0.65546875 0.4140625 0.0171875 0.06953125
11 0.634375 0.43046875 0.0234375 0.06484375
21 0.67578125 0.3578125 0.01015625 0.04140625