13 0.84453125 0.709375 0.0328125 0.075
2 0.85390625 0.58125 0.0375 0.0890625
3 0.90625 0.459375 0.0296875 0.06875
11 0.77734375 0.43359375 0.0265625 0.0625
10 0.61875 0.51875 0.0296875 0.0703125
6 0.67109375 0.45390625 0.028125 0.06875
17 0.70390625 0.634375 0.0390625 0.0828125
23 0.5609375 0.5140625 0.0296875 0.071875
4 0.28984375 0.54140625 0.0375 0.0859375
8 0.2015625 0.4515625 0.0328125 0.08125
24 0.359375 0.4171875 0.028125 0.071875
9 0.0609375 0.64765625 0.0421875 0.103125
20 0.06875 0.43671875 0.0328125 0.0875
7 0.0359375 0.43515625 0.0328125 0.08125
16 0.08671875 0.33046875 0.025 0.06875
24 0.09765625 0.259375 0.028125 0.0640625
1 0.24609375 0.3046875 0.0265625 0.065625
15 0.221875 0.3046875 0.03125 0.06875
27 0.04375 0.8875 0.0390625 0.05625