21 0.5078125 0.69296875 0.0390625 0.0953125
27 0.80078125 0.7625 0.028125 0.1109375
9 0.8421875 0.7859375 0.046875 0.11875
24 0.865625 0.6 0.03125 0.1078125
24 0.9078125 0.4015625 0.0328125 0.0890625
8 0.98828125 0.50234375 0.0234375 0.1015625
22 0.78671875 0.6359375 0.0328125 0.1078125
28 0.53203125 0.57109375 0.0171875 0.0265625
4 0.65390625 0.59609375 0.03125 0.1140625
15 0.8 0.359375 0.0375 0.0859375
26 0.31015625 0.48203125 0.0421875 0.0921875
6 0.6015625 0.546875 0.0390625 0.0921875
13 0.43984375 0.58046875 0.0390625 0.0828125