17 0.28671875 0.76875 0.0578125 0.14375
22 0.67734375 0.69765625 0.0515625 0.121875
8 0.7640625 0.60390625 0.0484375 0.1171875
16 0.97109375 0.5609375 0.053125 0.1140625
1 0.70625 0.48359375 0.0484375 0.096875
19 0.58984375 0.4015625 0.04375 0.0984375
15 0.64609375 0.403125 0.0359375 0.078125
28 0.6359375 0.428125 0.0109375 0.015625
6 0.49921875 0.5015625 0.046875 0.1125
4 0.4015625 0.5625 0.05625 0.125
21 0.16015625 0.6125 0.053125 0.125
23 0.29609375 0.56953125 0.0484375 0.1234375
26 0.0359375 0.409375 0.05625 0.1140625
13 0.10546875 0.64609375 0.05625 0.1234375
11 0.2875 0.51875 0.046875 0.1171875
10 0.13125 0.5328125 0.053125 0.11875
2 0.1859375 0.5109375 0.0625 0.115625
3 0.27890625 0.45703125 0.05 0.0984375
24 0.69765625 0.59375 0.0484375 0.1015625