28 0.4796875 0.30859375 0.0109375 0.0109375
21 0.54453125 0.45859375 0.0390625 0.0921875
24 0.80234375 0.40078125 0.0328125 0.084375
19 0.73515625 0.30234375 0.0328125 0.0640625
15 0.80625 0.29375 0.0328125 0.0828125
6 0.5453125 0.31171875 0.0390625 0.0703125
13 0.28203125 0.58671875 0.0359375 0.096875
2 0.25234375 0.50234375 0.040625 0.0953125
26 0.0953125 0.3875 0.034375 0.0921875
22 0.5046875 0.28046875 0.025 0.0640625
10 0.428125 0.45625 0.034375 0.0828125
11 0.3265625 0.51484375 0.046875 0.103125