27 0.16328125 0.91796875 0.0375 0.1015625
4 0.16484375 0.696875 0.0375 0.1140625
10 0.3625 0.7015625 0.0421875 0.0890625
28 0.35546875 0.6828125 0.0078125 0.015625
24 0.21640625 0.56640625 0.0234375 0.0921875
21 0.38515625 0.53359375 0.0265625 0.090625
22 0.06171875 0.49296875 0.0375 0.0828125
13 0.540625 0.76640625 0.0375 0.10625
9 0.7 0.8734375 0.0390625 0.125
23 0.38984375 0.33203125 0.0234375 0.084375
19 0.47265625 0.39296875 0.0265625 0.078125
3 0.55546875 0.49453125 0.0328125 0.0921875
11 0.57890625 0.51875 0.0203125 0.0671875
26 0.928125 0.440625 0.034375 0.096875