27 0.3546875 0.7796875 0.02890625 0.1203125
8 0.15390625 0.78984375 0.0453125 0.11875
28 0.2109375 0.58515625 0.009375 0.0203125
23 0.5015625 0.665625 0.02109375 0.10625
6 0.41328125 0.5484375 0.025 0.08515625
24 0.3515625 0.48984375 0.02265625 0.0890625
1 0.31171875 0.39296875 0.02265625 0.0890625
20 0.2296875 0.50390625 0.01796875 0.0984375
22 0.08515625 0.44375 0.02734375 0.08203125
16 0.77890625 0.69921875 0.025 0.1109375
2 0.7921875 0.57265625 0.02578125 0.103125
17 0.60546875 0.44140625 0.021875 0.07578125
11 0.82109375 0.5546875 0.02109375 0.11015625
21 0.38046875 0.3703125 0.01796875 0.08125