17 0.44375 0.9296875 0.0703125 0.1328125
27 0.5421875 0.69375 0.053125 0.1046875
7 0.80859375 0.58203125 0.0421875 0.0890625
20 0.690625 0.50703125 0.04375 0.0875
28 0.6796875 0.428125 0.0078125 0.0140625
8 0.696875 0.403125 0.0296875 0.0671875
16 0.72421875 0.3390625 0.03125 0.0609375
24 0.54921875 0.40625 0.040625 0.0703125
4 0.459375 0.475 0.0390625 0.0859375
21 0.3078125 0.5 0.0453125 0.090625
13 0.13828125 0.596875 0.0390625 0.0921875
10 0.28359375 0.46875 0.040625 0.0953125
2 0.29296875 0.378125 0.0375 0.078125
11 0.3375 0.38046875 0.0359375 0.0765625
23 0.46171875 0.3125 0.0265625 0.0671875
19 0.41640625 0.25546875 0.0296875 0.0578125
3 0.39375 0.31640625 0.0328125 0.06875
15 0.56015625 0.2234375 0.03125 0.0625
1 0.5359375 0.3125 0.01875 0.03125
6 0.51796875 0.35859375 0.028125 0.059375
24 0.90625 0.3140625 0.0328125 0.0578125