28 0.2734375 0.52421875 0.0109375 0.01875
17 0.51953125 0.78515625 0.034375 0.109375
27 0.4890625 0.8796875 0.034375 0.1203125
22 0.40546875 0.6328125 0.028125 0.10625
8 0.24140625 0.49609375 0.034375 0.0734375
15 0.30078125 0.34140625 0.0234375 0.071875
6 0.3609375 0.51953125 0.03125 0.0828125
4 0.4453125 0.61015625 0.034375 0.103125
11 0.5421875 0.54375 0.028125 0.0828125
2 0.62890625 0.5375 0.0296875 0.090625
19 0.475 0.41484375 0.0265625 0.065625
3 0.59453125 0.48359375 0.025 0.084375
13 0.7234375 0.6859375 0.03125 0.0953125
21 0.69921875 0.65 0.025 0.096875
9 0.72109375 0.928125 0.040625 0.1125
9 0.88515625 0.4671875 0.028125 0.0765625
9 0.31484375 0.63203125 0.0265625 0.0921875