13 0.88046875 0.6328125 0.01875 0.07265625
2 0.86328125 0.50546875 0.0203125 0.0875
3 0.8890625 0.37578125 0.015625 0.06640625
11 0.7578125 0.37734375 0.01484375 0.0609375
10 0.6203125 0.49375 0.01640625 0.06875
6 0.6578125 0.41953125 0.01484375 0.06640625
17 0.72734375 0.5890625 0.0234375 0.08046875
23 0.5625 0.50078125 0.015625 0.0703125
4 0.303125 0.584375 0.0203125 0.08359375
8 0.1984375 0.51484375 0.0171875 0.0796875
24 0.3453125 0.4484375 0.01328125 0.07109375
9 0.1015625 0.7359375 0.02109375 0.1015625
20 0.06484375 0.528125 0.015625 0.0859375
7 0.0328125 0.5328125 0.01640625 0.0796875
16 0.0609375 0.4203125 0.0109375 0.06875
24 0.05625 0.3484375 0.015625 0.0625
1 0.2109375 0.36171875 0.01328125 0.06484375
15 0.1875 0.36640625 0.0171875 0.06640625
27 0.134375 0.97421875 0.02890625 0.05078125