13 0.5921875 0.68515625 0.028125 0.08671875
26 0.95078125 0.371875 0.02265625 0.07578125
2 0.59453125 0.3359375 0.0171875 0.0625
3 0.58359375 0.2875 0.01484375 0.0609375
15 0.50078125 0.11484375 0.0265625 0.05625
11 0.471875 0.36015625 0.02109375 0.065625
27 0.35234375 0.4890625 0.01953125 0.08203125
28 0.39296875 0.2984375 0.00546875 0.0140625
4 0.43203125 0.31796875 0.015625 0.0640625
1 0.378125 0.21953125 0.02109375 0.0546875
6 0.49765625 0.25546875 0.01953125 0.06328125
10 0.665625 0.3390625 0.02265625 0.0640625
19 0.5640625 0.20703125 0.01328125 0.05390625