27 0.3 0.74375 0.053125 0.1234375
8 0.1015625 0.71171875 0.06875 0.125
28 0.19921875 0.5234375 0.0140625 0.021875
23 0.4671875 0.6625 0.0421875 0.1078125
6 0.40546875 0.5296875 0.0421875 0.0890625
24 0.35703125 0.459375 0.040625 0.0921875
1 0.33828125 0.35625 0.040625 0.0921875
20 0.23515625 0.44765625 0.0375 0.1
22 0.10625 0.35859375 0.04375 0.0859375
16 0.73125 0.753125 0.046875 0.1140625
2 0.7703125 0.63203125 0.046875 0.10625
17 0.615625 0.46484375 0.0375 0.078125
11 0.80234375 0.6203125 0.04375 0.1125
21 0.41015625 0.3484375 0.034375 0.0828125