17 0.7125 0.7890625 0.02734375 0.11796875
28 0.69140625 0.70390625 0.01328125 0.015625
22 0.40625 0.6875 0.0234375 0.1125
27 0.39140625 0.80859375 0.0203125 0.11015625
8 0.33671875 0.84453125 0.0234375 0.128125
7 0.0140625 0.7609375 0.02265625 0.12421875
1 0.21484375 0.49375 0.01796875 0.084375
1 0.46953125 0.3828125 0.01875 0.0859375
11 0.325 0.4890625 0.0203125 0.096875
19 0.25859375 0.37265625 0.01875 0.078125
23 0.21328125 0.38046875 0.0109375 0.078125
3 0.37578125 0.40625 0.01796875 0.08203125
20 0.16328125 0.68359375 0.0203125 0.1109375
24 0.2640625 0.63515625 0.02421875 0.09765625
6 0.4921875 0.64140625 0.01953125 0.103125