21 0.58671875 0.4890625 0.040625 0.096875
24 0.57734375 0.340625 0.03125 0.0734375
28 0.6046875 0.41953125 0.0078125 0.0109375
17 0.859375 0.765625 0.0484375 0.1125
9 0.26484375 0.60625 0.046875 0.0734375
27 0.2515625 0.55078125 0.0328125 0.078125
8 0.48046875 0.44375 0.0375 0.09375
23 0.80625 0.3109375 0.0421875 0.0875
20 0.3015625 0.43203125 0.04375 0.084375
24 0.2828125 0.19921875 0.03125 0.0515625
10 0.73671875 0.4171875 0.0390625 0.1015625
3 0.871875 0.30625 0.0390625 0.0984375
4 0.61640625 0.421875 0.034375 0.08125