17 0.41328125 0.92421875 0.0515625 0.1296875
27 0.39765625 0.66953125 0.0390625 0.1015625
7 0.18125 0.4765625 0.0296875 0.0875
20 0.3171875 0.44453125 0.03125 0.0859375
28 0.353125 0.3734375 0.00625 0.0140625
8 0.3453125 0.34453125 0.0203125 0.0671875
16 0.33984375 0.275 0.0234375 0.059375
24 0.484375 0.3953125 0.03125 0.06875
4 0.54609375 0.4890625 0.0265625 0.084375
21 0.68203125 0.56328125 0.0328125 0.0890625
13 0.81015625 0.709375 0.025 0.090625
10 0.71484375 0.540625 0.0265625 0.09375
2 0.73515625 0.45234375 0.0265625 0.0765625
11 0.69296875 0.43984375 0.025 0.0765625
23 0.59765625 0.33515625 0.0171875 0.065625
19 0.659375 0.29609375 0.021875 0.0578125
3 0.66015625 0.3609375 0.0234375 0.06875
15 0.53359375 0.21875 0.021875 0.0609375
1 0.5265625 0.3109375 0.0140625 0.0296875
6 0.52890625 0.3609375 0.0203125 0.0578125
24 0.1765625 0.19140625 0.025 0.05625