26 0.63203125 0.58984375 0.0125 0.0234375
20 0.4734375 0.85703125 0.04375 0.1515625
13 0.50625 0.64296875 0.0359375 0.1
17 0.3484375 0.61953125 0.04375 0.128125
11 0.5859375 0.59765625 0.0453125 0.1125
26 0.5984375 0.49453125 0.0390625 0.1
3 0.38515625 0.50390625 0.034375 0.1328125
21 0.5015625 0.51484375 0.04375 0.13125
22 0.13203125 0.74375 0.0421875 0.146875
27 0.0875 0.6078125 0.0390625 0.1546875
1 0.18984375 0.503125 0.0453125 0.1140625
24 0.121875 0.3875 0.04375 0.10625
7 0.3421875 0.45 0.0359375 0.13125