28 0.60546875 0.44765625 0.009375 0.01875
9 0.47578125 0.84296875 0.025 0.11875
7 0.72265625 0.64375 0.028125 0.115625
16 0.84296875 0.40703125 0.015625 0.08125
20 0.57109375 0.4625 0.0234375 0.0875
22 0.6203125 0.415625 0.021875 0.075
27 0.3265625 0.59296875 0.021875 0.1
4 0.42734375 0.459375 0.03125 0.0875
23 0.14375 0.50703125 0.0203125 0.0875
3 0.26875 0.3984375 0.021875 0.084375
15 0.51171875 0.24765625 0.0234375 0.065625
11 0.23125 0.478125 0.01875 0.090625
17 0.0109375 0.9296875 0.021875 0.13125
24 0.56953125 0.37890625 0.021875 0.0703125
19 0.3875 0.303125 0.015625 0.071875