28 0.8140625 0.4390625 0.01875 0.0296875
9 0.64296875 0.771875 0.0484375 0.11875
27 0.83203125 0.73359375 0.0375 0.109375
20 0.6765625 0.64453125 0.053125 0.0765625
7 0.6265625 0.65859375 0.0546875 0.1
24 0.43828125 0.68359375 0.0484375 0.0953125
17 0.1140625 0.79765625 0.05 0.1359375
13 0.04921875 0.7796875 0.046875 0.1140625
15 0.4953125 0.37890625 0.0296875 0.075
16 0.65078125 0.51875 0.034375 0.075
8 0.50546875 0.634375 0.0421875 0.1015625
22 0.47421875 0.54140625 0.034375 0.084375
20 0.3953125 0.609375 0.0328125 0.1046875
1 0.40078125 0.40546875 0.0390625 0.084375
6 0.2796875 0.51875 0.040625 0.09375
10 0.21640625 0.6140625 0.040625 0.1109375
19 0.0921875 0.36171875 0.028125 0.0765625
11 0.01953125 0.521875 0.0390625 0.10625
23 0.03984375 0.36953125 0.034375 0.08125
3 0.01484375 0.409375 0.0265625 0.0875
2 0.00546875 0.5234375 0.0109375 0.096875
24 0.59765625 0.2515625 0.0296875 0.05625