17 0.27421875 0.86796875 0.028125 0.109375
13 0.4921875 0.571875 0.01953125 0.08828125
26 0.72421875 0.35703125 0.0265625 0.09140625
27 0.08671875 0.5484375 0.01640625 0.09921875
28 0.52109375 0.21015625 0.00625 0.0265625
15 0.45234375 0.1296875 0.02578125 0.07109375
11 0.44375 0.41953125 0.0203125 0.08125
10 0.45 0.31640625 0.02421875 0.08359375
1 0.32109375 0.21796875 0.01640625 0.07109375
23 0.3859375 0.32734375 0.02421875 0.08203125
3 0.50859375 0.27109375 0.0234375 0.08125
21 0.54453125 0.309375 0.021875 0.07734375
24 0.18984375 0.2046875 0.01640625 0.06796875