7 0.22890625 0.61953125 0.015625 0.1046875
16 0.18671875 0.4328125 0.0203125 0.07890625
28 0.21171875 0.45625 0.00625 0.01875
20 0.31640625 0.5390625 0.01875 0.0921875
8 0.275 0.3421875 0.02109375 0.06953125
22 0.41640625 0.4859375 0.0171875 0.0859375
9 0.53046875 0.75234375 0.01953125 0.1046875
27 0.609375 0.61484375 0.02109375 0.1078125
4 0.47734375 0.48984375 0.01796875 0.0890625
1 0.4359375 0.36640625 0.0140625 0.0796875
15 0.4765625 0.23203125 0.01328125 0.0640625
17 0.78359375 0.8875 0.0203125 0.12109375
13 0.91796875 0.73671875 0.02109375 0.1109375
10 0.78984375 0.52578125 0.01875 0.0953125
2 0.715625 0.4421875 0.01484375 0.0796875
19 0.57890625 0.31171875 0.01328125 0.06796875
6 0.57265625 0.4078125 0.0171875 0.0765625
24 0.44140625 0.44296875 0.01640625 0.07421875
23 0.73828125 0.5390625 0.01640625 0.0859375
3 0.6859375 0.375 0.01796875 0.0484375
11 0.68671875 0.4390625 0.01171875 0.075