19 0.6734375 0.33828125 0.0203125 0.05625
3 0.815625 0.38046875 0.021875 0.065625
23 0.61328125 0.37109375 0.015625 0.0578125
21 0.709375 0.5671875 0.025 0.06875
10 0.80078125 0.55 0.0203125 0.0671875
6 0.49453125 0.40625 0.0203125 0.0578125
24 0.45625 0.5390625 0.0203125 0.06875
22 0.4078125 0.52109375 0.01875 0.0703125
15 0.271875 0.34609375 0.01875 0.059375
16 0.203125 0.47734375 0.0203125 0.0578125
7 0.178125 0.60625 0.0234375 0.06875
28 0.3859375 0.8328125 0.0125 0.03125
5 0.4046875 0.9078125 0.040625 0.103125
12 0.10859375 0.89140625 0.03125 0.10625