28 0.559375 0.73515625 0.0125 0.021875
9 0.44609375 0.84765625 0.0328125 0.1109375
23 0.1625 0.76171875 0.0234375 0.090625
13 0.2109375 0.68125 0.025 0.08125
27 0.37421875 0.71484375 0.01875 0.0984375
8 0.57109375 0.70546875 0.0265625 0.0953125
4 0.55078125 0.60078125 0.0296875 0.090625
22 0.63671875 0.5640625 0.0203125 0.0828125
7 0.93515625 0.58828125 0.03125 0.09375
16 0.92421875 0.39765625 0.01875 0.071875
1 0.66640625 0.41875 0.0203125 0.071875
24 0.60078125 0.47578125 0.0171875 0.075
6 0.484375 0.4625 0.0234375 0.075
15 0.64140625 0.27890625 0.01875 0.0578125
26 0.13984375 0.4046875 0.0234375 0.075
2 0.35 0.45078125 0.021875 0.0703125
3 0.41015625 0.39140625 0.0171875 0.0734375
21 0.30078125 0.60625 0.021875 0.0859375
11 0.396875 0.43671875 0.0203125 0.071875
23 0.48984375 0.37265625 0.0140625 0.06875
19 0.47578125 0.3734375 0.015625 0.0640625