28 0.2765625 0.54375 0.009375 0.01875
17 0.54453125 0.78203125 0.025 0.10703125
27 0.521875 0.87890625 0.02421875 0.11796875
22 0.4171875 0.640625 0.01875 0.1046875
8 0.2421875 0.51875 0.028125 0.07109375
15 0.2875 0.359375 0.01796875 0.0703125
6 0.36328125 0.53125 0.02421875 0.08046875
4 0.45546875 0.61484375 0.025 0.10078125
11 0.54609375 0.53984375 0.0203125 0.08203125
2 0.63203125 0.52578125 0.021875 0.08828125
19 0.46796875 0.4171875 0.0203125 0.06484375
3 0.59296875 0.47578125 0.01796875 0.08359375
13 0.7390625 0.665625 0.0234375 0.09375
21 0.71171875 0.63203125 0.01640625 0.0953125
9 0.7578125 0.90703125 0.03125 0.1109375
9 0.88046875 0.43359375 0.02109375 0.07578125
9 0.32734375 0.64765625 0.01875 0.09140625