21 0.4125 0.5015625 0.028125 0.0953125
24 0.40078125 0.353125 0.021875 0.0703125
28 0.38515625 0.434375 0.00625 0.0109375
17 0.18125 0.81328125 0.034375 0.109375
9 0.74765625 0.57265625 0.0375 0.06875
27 0.753125 0.515625 0.021875 0.075
8 0.5109375 0.44140625 0.0265625 0.0921875
23 0.1703125 0.35546875 0.0296875 0.084375
20 0.68671875 0.4046875 0.0328125 0.08125
24 0.67265625 0.171875 0.025 0.05
10 0.25390625 0.45078125 0.025 0.0984375
3 0.1046875 0.36015625 0.0265625 0.0953125
4 0.3734375 0.4390625 0.0234375 0.0796875