28 0.453125 0.73828125 0.0109375 0.02109375
9 0.571875 0.84453125 0.0265625 0.11015625
23 0.85078125 0.74375 0.01875 0.08984375
13 0.7984375 0.665625 0.0203125 0.0796875
27 0.63671875 0.7078125 0.0140625 0.09765625
8 0.43984375 0.70859375 0.02109375 0.09375
4 0.4546875 0.603125 0.025 0.08984375
22 0.3671875 0.57109375 0.01640625 0.08203125
7 0.0703125 0.6109375 0.02578125 0.09296875
16 0.07109375 0.4203125 0.015625 0.07109375
1 0.3296875 0.42734375 0.0171875 0.07109375
24 0.3984375 0.48125 0.01328125 0.07421875
6 0.51328125 0.46171875 0.0203125 0.07421875
15 0.346875 0.28671875 0.015625 0.05703125
26 0.8546875 0.3859375 0.0203125 0.07421875
2 0.646875 0.44296875 0.01796875 0.06875
3 0.584375 0.38671875 0.0140625 0.07265625
21 0.7046875 0.5953125 0.0171875 0.084375
11 0.6 0.43125 0.01640625 0.07109375
23 0.503125 0.37265625 0.0109375 0.06875
19 0.5171875 0.37265625 0.01171875 0.06328125