28 0.21796875 0.3828125 0.01328125 0.01953125
7 0.15234375 0.48984375 0.02265625 0.09140625
9 0.33125 0.83671875 0.03203125 0.11796875
20 0.42109375 0.4609375 0.0234375 0.0859375
27 0.8125 0.67890625 0.03359375 0.08828125
8 0.5671875 0.4078125 0.02109375 0.0859375
4 0.63046875 0.42578125 0.02265625 0.0796875
16 0.54765625 0.25 0.0203125 0.07109375
1 0.584375 0.296875 0.01875 0.07265625
24 0.96328125 0.4265625 0.02109375 0.07265625
25 0.2421875 0.3453125 0.02421875 0.0796875
24 0.6203125 0.16484375 0.0140625 0.0671875
22 0.72265625 0.25859375 0.01484375 0.0625