17 0.803125 0.7390625 0.046875 0.1125
28 0.67890625 0.59375 0.0171875 0.0296875
13 0.79453125 0.56796875 0.0421875 0.090625
9 0.9203125 0.72265625 0.0453125 0.109375
24 0.93828125 0.696875 0.0515625 0.128125
20 0.1828125 0.74296875 0.0421875 0.09375
3 0.48671875 0.359375 0.034375 0.075
19 0.35390625 0.38515625 0.034375 0.071875
1 0.32109375 0.4546875 0.034375 0.0734375
15 0.11328125 0.46875 0.0359375 0.0921875
23 0.32421875 0.559375 0.0359375 0.084375
27 0.6265625 0.66328125 0.040625 0.1015625
26 0.59609375 0.34609375 0.0390625 0.0875
6 0.359375 0.51875 0.040625 0.0859375
10 0.5234375 0.5125 0.04375 0.090625
8 0.37734375 0.6609375 0.0359375 0.0890625
11 0.46796875 0.4625 0.0328125 0.0765625