28 0.2015625 0.38515625 0.0140625 0.028125
9 0.31171875 0.74296875 0.02890625 0.11484375
27 0.13203125 0.67265625 0.01953125 0.1078125
20 0.30078125 0.61171875 0.0421875 0.0703125
7 0.34765625 0.634375 0.0390625 0.09453125
24 0.52890625 0.69140625 0.0328125 0.090625
17 0.828125 0.86015625 0.02734375 0.13359375
13 0.8953125 0.85390625 0.02890625 0.11015625
15 0.52578125 0.38125 0.01640625 0.0734375
16 0.3484375 0.4921875 0.02265625 0.071875
8 0.47109375 0.63125 0.02578125 0.0984375
22 0.51796875 0.5453125 0.01953125 0.0828125
20 0.584375 0.62578125 0.01484375 0.103125
1 0.6140625 0.42421875 0.02578125 0.08046875
6 0.71328125 0.55703125 0.02578125 0.090625
10 0.759375 0.66171875 0.02265625 0.10859375
19 0.92578125 0.434375 0.015625 0.075
11 0.9703125 0.60546875 0.02265625 0.103125
23 0.97578125 0.4515625 0.0203125 0.0796875
3 0.99375 0.4953125 0.0125 0.0859375
2 0.9921875 0.6109375 0.015625 0.0953125
24 0.446875 0.23828125 0.02109375 0.05390625