17 0.490625 0.890625 0.0421875 0.11875
9 0.72734375 0.69921875 0.034375 0.0890625
27 0.5140625 0.64453125 0.0359375 0.09375
13 0.23203125 0.58203125 0.0234375 0.0828125
7 0.84453125 0.50078125 0.0234375 0.0796875
20 0.6875 0.45703125 0.021875 0.071875
8 0.7265625 0.3765625 0.025 0.0734375
6 0.65 0.3625 0.0265625 0.0671875
28 0.63046875 0.28515625 0.0078125 0.0109375
1 0.5578125 0.3 0.0203125 0.0546875
15 0.540625 0.21640625 0.0171875 0.059375
4 0.49765625 0.3796875 0.0203125 0.0765625
22 0.52421875 0.36640625 0.01875 0.06875
23 0.48671875 0.31640625 0.0171875 0.059375
3 0.45 0.315625 0.025 0.0703125
19 0.4625 0.26484375 0.0203125 0.0515625
2 0.35234375 0.40078125 0.0234375 0.0703125
11 0.371875 0.41875 0.0296875 0.0671875
21 0.3375 0.34296875 0.0140625 0.0421875