28 0.53046875 0.27890625 0.0109375 0.021875
26 0.1609375 0.659375 0.059375 0.1234375
9 0.221875 0.8171875 0.0421875 0.125
16 0.4203125 0.77578125 0.05 0.1328125
23 0.54765625 0.7203125 0.05 0.1265625
27 0.65390625 0.81171875 0.0484375 0.1375
6 0.48203125 0.6265625 0.0453125 0.1203125
4 0.41484375 0.56875 0.040625 0.103125
7 0.353125 0.70390625 0.046875 0.1171875
24 0.771875 0.53046875 0.040625 0.103125
20 0.8390625 0.41796875 0.04375 0.1
1 0.771875 0.378125 0.0421875 0.09375
19 0.23515625 0.7609375 0.0375 0.103125
17 0.56875 0.42265625 0.040625 0.0953125