2 0.9859375 0.6640625 0.0171875 0.090625
3 0.8390625 0.44140625 0.01796875 0.0609375
13 0.78359375 0.721875 0.021875 0.07578125
5 0.509375 0.88046875 0.0234375 0.09609375
4 0.425 0.59765625 0.02265625 0.07265625
8 0.2984375 0.61328125 0.01953125 0.0671875
10 0.70859375 0.59453125 0.01640625 0.065625
21 0.62265625 0.5828125 0.0171875 0.0671875
19 0.66015625 0.37109375 0.0125 0.05234375
11 0.8453125 0.58359375 0.01640625 0.053125
22 0.46640625 0.5390625 0.01796875 0.0640625
1 0.33046875 0.309375 0.01171875 0.0484375
24 0.328125 0.5234375 0.01640625 0.065625
16 0.10390625 0.5640625 0.02578125 0.06953125
7 0.1375 0.39921875 0.0140625 0.059375
27 0.4703125 0.84375 0.0296875 0.08046875
23 0.57265625 0.421875 0.01328125 0.05546875
6 0.5640625 0.4984375 0.01484375 0.0640625