10 0.07265625 0.66875 0.04375 0.0984375
2 0.06484375 0.5203125 0.0390625 0.0953125
3 0.1578125 0.37734375 0.03125 0.0703125
19 0.440625 0.30390625 0.021875 0.0515625
4 0.35859375 0.64296875 0.0484375 0.084375
13 0.28125 0.77890625 0.040625 0.0890625
17 0.34609375 0.7734375 0.040625 0.103125
11 0.1828125 0.5171875 0.0390625 0.0796875
6 0.4671875 0.4359375 0.03125 0.071875
23 0.49375 0.4328125 0.03125 0.06875
8 0.42421875 0.63828125 0.04375 0.0859375
22 0.6171875 0.60859375 0.0359375 0.0765625
24 0.678125 0.6390625 0.03125 0.078125
24 0.58984375 0.84296875 0.040625 0.1015625
1 0.76953125 0.33203125 0.028125 0.0640625
15 0.859375 0.47734375 0.0390625 0.0640625
7 0.79765625 0.76328125 0.0453125 0.0828125
16 0.8234375 0.66484375 0.04375 0.075
20 0.83984375 0.728125 0.0375 0.075
9 0.61953125 0.84609375 0.0453125 0.096875