28 0.5046875 0.2703125 0.009375 0.015625
1 0.52734375 0.2625 0.0421875 0.0890625
24 0.34296875 0.16171875 0.04375 0.1046875
16 0.25 0.353125 0.053125 0.1265625
27 0.01015625 0.54609375 0.0203125 0.1453125
4 0.3375 0.5203125 0.0546875 0.1453125
21 0.596875 0.60703125 0.05 0.1421875
23 0.63203125 0.81015625 0.059375 0.15625
10 0.85625 0.71796875 0.05625 0.1515625
6 0.846875 0.49296875 0.05 0.125
24 0.8171875 0.49921875 0.0484375 0.125
19 0.71953125 0.3203125 0.0484375 0.1078125
22 0.68046875 0.384375 0.0609375 0.13125
8 0.65078125 0.29921875 0.0578125 0.1125