27 0.20859375 0.95078125 0.028125 0.0984375
4 0.1875 0.73046875 0.02578125 0.11171875
10 0.384375 0.71484375 0.0328125 0.0859375
28 0.375 0.696875 0.00625 0.01484375
24 0.225 0.5953125 0.0140625 0.090625
21 0.3890625 0.5453125 0.0171875 0.08984375
22 0.06328125 0.5390625 0.0296875 0.08046875
13 0.56796875 0.7609375 0.02734375 0.1046875
9 0.73828125 0.85078125 0.0265625 0.12265625
23 0.37265625 0.34453125 0.0140625 0.08359375
19 0.46171875 0.39609375 0.01875 0.07734375
3 0.5546875 0.4890625 0.02421875 0.08984375
11 0.58046875 0.51015625 0.0140625 0.06640625
26 0.91953125 0.39609375 0.02421875 0.09453125