7 0.7875 0.5703125 0.0328125 0.10625
16 0.796875 0.3796875 0.034375 0.08125
28 0.7765625 0.40703125 0.009375 0.0203125
20 0.6875 0.50625 0.034375 0.09375
8 0.69453125 0.30546875 0.0328125 0.071875
22 0.5796875 0.471875 0.03125 0.0875
9 0.5140625 0.75390625 0.0375 0.10625
27 0.4125 0.63203125 0.0390625 0.109375
4 0.5203125 0.4859375 0.0328125 0.090625
1 0.53984375 0.35703125 0.028125 0.08125
15 0.4765625 0.23203125 0.0234375 0.065625
17 0.28828125 0.93046875 0.040625 0.1234375
13 0.1296875 0.80546875 0.040625 0.1125
10 0.21875 0.57578125 0.034375 0.096875
2 0.27734375 0.48046875 0.028125 0.08125
19 0.38984375 0.328125 0.025 0.06875
6 0.4125 0.421875 0.0296875 0.078125
24 0.54765625 0.43359375 0.0296875 0.0765625
23 0.271875 0.5796875 0.03125 0.0875
3 0.2953125 0.409375 0.0265625 0.0515625
11 0.30546875 0.47265625 0.025 0.0765625