19 0.65859375 0.32421875 0.0203125 0.05625
3 0.80390625 0.353125 0.0203125 0.065625
23 0.6015625 0.36171875 0.015625 0.0578125
21 0.7140625 0.5484375 0.0234375 0.0671875
10 0.80390625 0.5234375 0.01875 0.0671875
6 0.48671875 0.4078125 0.0203125 0.0578125
24 0.46015625 0.54296875 0.01875 0.0671875
22 0.41015625 0.52890625 0.0171875 0.0703125
15 0.259375 0.3671875 0.01875 0.059375
16 0.20234375 0.503125 0.0203125 0.0578125
7 0.1890625 0.63359375 0.021875 0.0671875
28 0.41484375 0.84140625 0.0125 0.03125
5 0.440625 0.91484375 0.0390625 0.1015625
12 0.14453125 0.92421875 0.0296875 0.10625