28 0.1828125 0.4609375 0.0203125 0.03125
9 0.37578125 0.78125 0.05625 0.11875
27 0.184375 0.75625 0.0453125 0.109375
20 0.33359375 0.65625 0.0578125 0.078125
7 0.384375 0.6671875 0.0609375 0.1015625
24 0.57421875 0.67890625 0.053125 0.0953125
17 0.90546875 0.7703125 0.059375 0.1359375
13 0.96953125 0.74765625 0.0546875 0.1140625
15 0.49609375 0.37890625 0.034375 0.075
16 0.35078125 0.52890625 0.0390625 0.075
8 0.50390625 0.634375 0.0484375 0.1015625
22 0.528125 0.53984375 0.0390625 0.084375
20 0.6125 0.6015625 0.0390625 0.103125
1 0.5921875 0.39921875 0.04375 0.084375
6 0.72109375 0.50390625 0.046875 0.09375
10 0.790625 0.59453125 0.0484375 0.1109375
19 0.896875 0.33359375 0.0328125 0.0765625
11 0.97890625 0.4875 0.0421875 0.10625
23 0.95 0.33828125 0.0390625 0.0828125
3 0.978125 0.37578125 0.0328125 0.0859375
2 0.99296875 0.4875 0.0140625 0.096875
24 0.38515625 0.25859375 0.0328125 0.0578125