28 0.34375 0.28203125 0.00703125 0.01484375
22 0.203125 0.37421875 0.02578125 0.103125
24 0.2953125 0.43125 0.02265625 0.103125
21 0.46796875 0.51875 0.02265625 0.11875
6 0.38671875 0.32578125 0.025 0.1046875
15 0.29140625 0.26953125 0.02890625 0.1046875
23 0.41640625 0.2609375 0.0265625 0.08046875
19 0.33515625 0.26171875 0.0359375 0.0796875
10 0.634375 0.48125 0.02109375 0.12421875
1 0.53828125 0.3890625 0.0328125 0.10078125
3 0.7421875 0.3796875 0.0234375 0.12421875
17 0.88984375 0.7015625 0.02421875 0.14140625
2 0.8609375 0.46484375 0.02890625 0.1046875
13 0.871875 0.6140625 0.01953125 0.1125
11 0.89453125 0.43359375 0.02109375 0.12265625