17 0.80546875 0.78515625 0.0453125 0.121875
27 0.42421875 0.84453125 0.0546875 0.121875
9 0.26640625 0.89375 0.053125 0.1421875
7 0.05859375 0.64609375 0.040625 0.0984375
28 0.35234375 0.50546875 0.0109375 0.021875
4 0.4203125 0.48203125 0.04375 0.0828125
1 0.3828125 0.43125 0.034375 0.0875
23 0.67265625 0.521875 0.0421875 0.0953125
13 0.8953125 0.64765625 0.04375 0.10625
10 0.75234375 0.4859375 0.0484375 0.1015625
2 0.67265625 0.4203125 0.040625 0.084375
3 0.62109375 0.384375 0.0328125 0.0875
11 0.596875 0.41796875 0.0328125 0.0875
15 0.415625 0.28984375 0.03125 0.0765625
21 0.5609375 0.34921875 0.028125 0.084375
6 0.5359375 0.38515625 0.0265625 0.071875
8 0.21640625 0.41875 0.0359375 0.084375