28 0.3859375 0.47109375 0.0125 0.0203125
9 0.5953125 0.83046875 0.0484375 0.121875
7 0.31171875 0.68671875 0.05 0.11875
16 0.1453125 0.48046875 0.0328125 0.0828125
20 0.42265625 0.478125 0.040625 0.090625
22 0.36484375 0.4421875 0.0359375 0.078125
27 0.6890625 0.5546875 0.04375 0.103125
4 0.5625 0.4453125 0.0484375 0.0921875
23 0.85 0.4328125 0.0375 0.090625
3 0.70546875 0.35234375 0.0390625 0.0859375
15 0.4359375 0.25546875 0.0359375 0.06875
11 0.75859375 0.42265625 0.0359375 0.09375
24 0.40703125 0.39609375 0.0359375 0.0734375
19 0.56875 0.284375 0.0296875 0.0734375