26 0.6390625 0.578125 0.0109375 0.021875
20 0.5046875 0.8578125 0.03046875 0.14921875
13 0.51875 0.6421875 0.02734375 0.09765625
17 0.359375 0.63203125 0.0328125 0.125
11 0.59375 0.58984375 0.03515625 0.11015625
26 0.59765625 0.4859375 0.03046875 0.0984375
3 0.3859375 0.5140625 0.0234375 0.13125
21 0.503125 0.51484375 0.03203125 0.1296875
22 0.1546875 0.775 0.0296875 0.1453125
27 0.0984375 0.64296875 0.0265625 0.15234375
1 0.19140625 0.53046875 0.03515625 0.1109375
24 0.11328125 0.42109375 0.034375 0.103125
7 0.33828125 0.4640625 0.02421875 0.1296875