27 0.37265625 0.7359375 0.0359375 0.1203125
17 0.33984375 0.51640625 0.040625 0.1046875
20 0.16015625 0.3671875 0.0296875 0.09375
22 0.33203125 0.3015625 0.021875 0.0671875
24 0.38984375 0.4234375 0.0296875 0.084375
23 0.64296875 0.6265625 0.0328125 0.1015625
8 0.7421875 0.52421875 0.03125 0.0953125
10 0.70859375 0.48046875 0.0296875 0.0953125
13 0.828125 0.6171875 0.0359375 0.0953125
4 0.6203125 0.4125 0.03125 0.090625
16 0.95859375 0.73359375 0.0328125 0.109375
19 0.91015625 0.6890625 0.0359375 0.103125
11 0.80546875 0.52265625 0.025 0.0890625
6 0.70859375 0.56953125 0.03125 0.1078125
7 0.8890625 0.64453125 0.0296875 0.1
9 0.878125 0.6046875 0.01875 0.059375
2 0.915625 0.6 0.0328125 0.0921875
1 0.53671875 0.346875 0.028125 0.08125