27 0.39765625 0.74765625 0.0234375 0.11796875
17 0.3421875 0.5328125 0.03046875 0.1015625
20 0.1484375 0.403125 0.01953125 0.0921875
22 0.3125 0.3203125 0.01484375 0.06640625
24 0.3828125 0.43515625 0.021875 0.08203125
23 0.65546875 0.6109375 0.021875 0.1
8 0.74296875 0.4984375 0.02109375 0.09296875
10 0.70546875 0.45859375 0.0203125 0.09375
13 0.83828125 0.58203125 0.0265625 0.09375
4 0.61015625 0.40078125 0.02265625 0.08828125
16 0.98046875 0.684375 0.02109375 0.1078125
19 0.92734375 0.6453125 0.025 0.10078125
11 0.80625 0.490625 0.015625 0.08828125
6 0.71484375 0.54765625 0.02109375 0.10546875
7 0.90234375 0.603125 0.01875 0.0984375
9 0.88671875 0.56484375 0.01328125 0.05859375
2 0.9234375 0.55625 0.0234375 0.090625
1 0.5203125 0.34375 0.01953125 0.07890625