28 0.46875 0.27265625 0.0078125 0.01484375
1 0.48984375 0.2609375 0.0296875 0.0859375
24 0.2921875 0.190625 0.02890625 0.10078125
16 0.2296875 0.39375 0.034375 0.1234375
27 0.01171875 0.62421875 0.0234375 0.14296875
4 0.34296875 0.5453125 0.03359375 0.1421875
21 0.6125 0.590625 0.02890625 0.13984375
23 0.67890625 0.7859375 0.0359375 0.15234375
10 0.8859375 0.659375 0.03359375 0.14765625
6 0.84140625 0.4390625 0.03203125 0.121875
24 0.81328125 0.44921875 0.0296875 0.12109375
19 0.6890625 0.28828125 0.03203125 0.1046875
22 0.66015625 0.3578125 0.0421875 0.12578125
8 0.6171875 0.278125 0.04140625 0.10703125