17 0.2875 0.87578125 0.03125 0.1109375
13 0.49453125 0.571875 0.021875 0.0890625
26 0.71875 0.34921875 0.0296875 0.0921875
27 0.08828125 0.5625 0.0203125 0.1
28 0.5109375 0.209375 0.0078125 0.0265625
15 0.4390625 0.13125 0.028125 0.071875
11 0.440625 0.421875 0.0234375 0.08125
10 0.44375 0.31796875 0.0265625 0.084375
1 0.31171875 0.22421875 0.01875 0.071875
23 0.3796875 0.33125 0.0265625 0.0828125
3 0.50078125 0.27109375 0.0265625 0.08125
21 0.5375 0.3078125 0.025 0.078125
24 0.1796875 0.215625 0.01875 0.06875